clump_thickness,cell_size_uniformity,cell_shape_uniformity,marginal_adhesion,epithelial_cell_size,bare_nuclei,bland_chromatin,normal_nucleoli,mitoses,Loss
0,0,0,0,0,0,0,0,1,0.19285714285714284
0,0,0,0,0,0,0,1,0,0.12142857142857144
0,0,0,0,0,0,0,1,1,0.11428571428571432
0,0,0,0,0,0,1,0,0,0.1071428571428571
0,0,0,0,0,0,1,0,1,0.09285714285714286
0,0,0,0,0,0,1,1,0,0.0714285714285714
0,0,0,0,0,0,1,1,1,0.0714285714285714
0,0,0,0,0,1,0,0,0,0.09285714285714286
0,0,0,0,0,1,0,0,1,0.09285714285714286
0,0,0,0,0,1,0,1,0,0.042857142857142816
0,0,0,0,0,1,0,1,1,0.0357142857142857
0,0,0,0,0,1,1,0,0,0.06428571428571428
0,0,0,0,0,1,1,0,1,0.050000000000000044
0,0,0,0,0,1,1,1,0,0.07857142857142863
0,0,0,0,0,1,1,1,1,0.06428571428571428
0,0,0,0,1,0,0,0,0,0.11428571428571432
0,0,0,0,1,0,0,0,1,0.12142857142857144
0,0,0,0,1,0,0,1,0,0.11428571428571432
0,0,0,0,1,0,0,1,1,0.1071428571428571
0,0,0,0,1,0,1,0,0,0.0714285714285714
0,0,0,0,1,0,1,0,1,0.07857142857142863
0,0,0,0,1,0,1,1,0,0.08571428571428574
0,0,0,0,1,0,1,1,1,0.07857142857142863
0,0,0,0,1,1,0,0,0,0.0714285714285714
0,0,0,0,1,1,0,0,1,0.06428571428571428
0,0,0,0,1,1,0,1,0,0.050000000000000044
0,0,0,0,1,1,0,1,1,0.042857142857142816
0,0,0,0,1,1,1,0,0,0.05714285714285716
0,0,0,0,1,1,1,0,1,0.042857142857142816
0,0,0,0,1,1,1,1,0,0.042857142857142816
0,0,0,0,1,1,1,1,1,0.050000000000000044
0,0,0,1,0,0,0,0,0,0.09999999999999998
0,0,0,1,0,0,0,0,1,0.08571428571428574
0,0,0,1,0,0,0,1,0,0.07857142857142863
0,0,0,1,0,0,0,1,1,0.09285714285714286
0,0,0,1,0,0,1,0,0,0.1071428571428571
0,0,0,1,0,0,1,0,1,0.08571428571428574
0,0,0,1,0,0,1,1,0,0.05714285714285716
0,0,0,1,0,0,1,1,1,0.042857142857142816
0,0,0,1,0,1,0,0,0,0.0714285714285714
0,0,0,1,0,1,0,0,1,0.050000000000000044
0,0,0,1,0,1,0,1,0,0.0357142857142857
0,0,0,1,0,1,0,1,1,0.042857142857142816
0,0,0,1,0,1,1,0,0,0.06428571428571428
0,0,0,1,0,1,1,0,1,0.05714285714285716
0,0,0,1,0,1,1,1,0,0.050000000000000044
0,0,0,1,0,1,1,1,1,0.042857142857142816
0,0,0,1,1,0,0,0,0,0.09285714285714286
0,0,0,1,1,0,0,0,1,0.06428571428571428
0,0,0,1,1,0,0,1,0,0.05714285714285716
0,0,0,1,1,0,0,1,1,0.05714285714285716
0,0,0,1,1,0,1,0,0,0.06428571428571428
0,0,0,1,1,0,1,0,1,0.05714285714285716
0,0,0,1,1,0,1,1,0,0.0714285714285714
0,0,0,1,1,0,1,1,1,0.06428571428571428
0,0,0,1,1,1,0,0,0,0.07857142857142863
0,0,0,1,1,1,0,0,1,0.06428571428571428
0,0,0,1,1,1,0,1,0,0.050000000000000044
0,0,0,1,1,1,0,1,1,0.042857142857142816
0,0,0,1,1,1,1,0,0,0.050000000000000044
0,0,0,1,1,1,1,0,1,0.05714285714285716
0,0,0,1,1,1,1,1,0,0.05714285714285716
0,0,0,1,1,1,1,1,1,0.042857142857142816
0,0,1,0,0,0,0,0,0,0.09285714285714286
0,0,1,0,0,0,0,0,1,0.06428571428571428
0,0,1,0,0,0,0,1,0,0.06428571428571428
0,0,1,0,0,0,0,1,1,0.050000000000000044
0,0,1,0,0,0,1,0,0,0.06428571428571428
0,0,1,0,0,0,1,0,1,0.042857142857142816
0,0,1,0,0,0,1,1,0,0.05714285714285716
0,0,1,0,0,0,1,1,1,0.05714285714285716
0,0,1,0,0,1,0,0,0,0.06428571428571428
0,0,1,0,0,1,0,0,1,0.050000000000000044
0,0,1,0,0,1,0,1,0,0.05714285714285716
0,0,1,0,0,1,0,1,1,0.06428571428571428
0,0,1,0,0,1,1,0,0,0.042857142857142816
0,0,1,0,0,1,1,0,1,0.0357142857142857
0,0,1,0,0,1,1,1,0,0.05714285714285716
0,0,1,0,0,1,1,1,1,0.05714285714285716
0,0,1,0,1,0,0,0,0,0.050000000000000044
0,0,1,0,1,0,0,0,1,0.042857142857142816
0,0,1,0,1,0,0,1,0,0.050000000000000044
0,0,1,0,1,0,0,1,1,0.050000000000000044
0,0,1,0,1,0,1,0,0,0.042857142857142816
0,0,1,0,1,0,1,0,1,0.042857142857142816
0,0,1,0,1,0,1,1,0,0.042857142857142816
0,0,1,0,1,0,1,1,1,0.042857142857142816
0,0,1,0,1,1,0,0,0,0.050000000000000044
0,0,1,0,1,1,0,0,1,0.050000000000000044
0,0,1,0,1,1,0,1,0,0.06428571428571428
0,0,1,0,1,1,0,1,1,0.0714285714285714
0,0,1,0,1,1,1,0,0,0.050000000000000044
0,0,1,0,1,1,1,0,1,0.042857142857142816
0,0,1,0,1,1,1,1,0,0.05714285714285716
0,0,1,0,1,1,1,1,1,0.06428571428571428
0,0,1,1,0,0,0,0,0,0.07857142857142863
0,0,1,1,0,0,0,0,1,0.05714285714285716
0,0,1,1,0,0,0,1,0,0.050000000000000044
0,0,1,1,0,0,0,1,1,0.02857142857142858
0,0,1,1,0,0,1,0,0,0.042857142857142816
0,0,1,1,0,0,1,0,1,0.050000000000000044
0,0,1,1,0,0,1,1,0,0.05714285714285716
0,0,1,1,0,0,1,1,1,0.05714285714285716
0,0,1,1,0,1,0,0,0,0.05714285714285716
0,0,1,1,0,1,0,0,1,0.050000000000000044
0,0,1,1,0,1,0,1,0,0.06428571428571428
0,0,1,1,0,1,0,1,1,0.05714285714285716
0,0,1,1,0,1,1,0,0,0.050000000000000044
0,0,1,1,0,1,1,0,1,0.05714285714285716
0,0,1,1,0,1,1,1,0,0.050000000000000044
0,0,1,1,0,1,1,1,1,0.050000000000000044
0,0,1,1,1,0,0,0,0,0.05714285714285716
0,0,1,1,1,0,0,0,1,0.02857142857142858
0,0,1,1,1,0,0,1,0,0.050000000000000044
0,0,1,1,1,0,0,1,1,0.050000000000000044
0,0,1,1,1,0,1,0,0,0.042857142857142816
0,0,1,1,1,0,1,0,1,0.05714285714285716
0,0,1,1,1,0,1,1,0,0.050000000000000044
0,0,1,1,1,0,1,1,1,0.0357142857142857
0,0,1,1,1,1,0,0,0,0.050000000000000044
0,0,1,1,1,1,0,0,1,0.05714285714285716
0,0,1,1,1,1,0,1,0,0.0714285714285714
0,0,1,1,1,1,0,1,1,0.06428571428571428
0,0,1,1,1,1,1,0,0,0.06428571428571428
0,0,1,1,1,1,1,0,1,0.06428571428571428
0,0,1,1,1,1,1,1,0,0.05714285714285716
0,0,1,1,1,1,1,1,1,0.05714285714285716
0,1,0,0,0,0,0,0,0,0.0714285714285714
0,1,0,0,0,0,0,0,1,0.0714285714285714
0,1,0,0,0,0,0,1,0,0.0714285714285714
0,1,0,0,0,0,0,1,1,0.08571428571428574
0,1,0,0,0,0,1,0,0,0.05714285714285716
0,1,0,0,0,0,1,0,1,0.050000000000000044
0,1,0,0,0,0,1,1,0,0.05714285714285716
0,1,0,0,0,0,1,1,1,0.06428571428571428
0,1,0,0,0,1,0,0,0,0.05714285714285716
0,1,0,0,0,1,0,0,1,0.042857142857142816
0,1,0,0,0,1,0,1,0,0.050000000000000044
0,1,0,0,0,1,0,1,1,0.05714285714285716
0,1,0,0,0,1,1,0,0,0.050000000000000044
0,1,0,0,0,1,1,0,1,0.050000000000000044
0,1,0,0,0,1,1,1,0,0.05714285714285716
0,1,0,0,0,1,1,1,1,0.05714285714285716
0,1,0,0,1,0,0,0,0,0.042857142857142816
0,1,0,0,1,0,0,0,1,0.06428571428571428
0,1,0,0,1,0,0,1,0,0.0714285714285714
0,1,0,0,1,0,0,1,1,0.07857142857142863
0,1,0,0,1,0,1,0,0,0.050000000000000044
0,1,0,0,1,0,1,0,1,0.042857142857142816
0,1,0,0,1,0,1,1,0,0.05714285714285716
0,1,0,0,1,0,1,1,1,0.05714285714285716
0,1,0,0,1,1,0,0,0,0.06428571428571428
0,1,0,0,1,1,0,0,1,0.05714285714285716
0,1,0,0,1,1,0,1,0,0.05714285714285716
0,1,0,0,1,1,0,1,1,0.050000000000000044
0,1,0,0,1,1,1,0,0,0.08571428571428574
0,1,0,0,1,1,1,0,1,0.0714285714285714
0,1,0,0,1,1,1,1,0,0.050000000000000044
0,1,0,0,1,1,1,1,1,0.05714285714285716
0,1,0,1,0,0,0,0,0,0.08571428571428574
0,1,0,1,0,0,0,0,1,0.0714285714285714
0,1,0,1,0,0,0,1,0,0.06428571428571428
0,1,0,1,0,0,0,1,1,0.06428571428571428
0,1,0,1,0,0,1,0,0,0.05714285714285716
0,1,0,1,0,0,1,0,1,0.050000000000000044
0,1,0,1,0,0,1,1,0,0.06428571428571428
0,1,0,1,0,0,1,1,1,0.05714285714285716
0,1,0,1,0,1,0,0,0,0.050000000000000044
0,1,0,1,0,1,0,0,1,0.050000000000000044
0,1,0,1,0,1,0,1,0,0.05714285714285716
0,1,0,1,0,1,0,1,1,0.05714285714285716
0,1,0,1,0,1,1,0,0,0.05714285714285716
0,1,0,1,0,1,1,0,1,0.06428571428571428
0,1,0,1,0,1,1,1,0,0.05714285714285716
0,1,0,1,0,1,1,1,1,0.050000000000000044
0,1,0,1,1,0,0,0,0,0.050000000000000044
0,1,0,1,1,0,0,0,1,0.042857142857142816
0,1,0,1,1,0,0,1,0,0.06428571428571428
0,1,0,1,1,0,0,1,1,0.06428571428571428
0,1,0,1,1,0,1,0,0,0.050000000000000044
0,1,0,1,1,0,1,0,1,0.042857142857142816
0,1,0,1,1,0,1,1,0,0.05714285714285716
0,1,0,1,1,0,1,1,1,0.06428571428571428
0,1,0,1,1,1,0,0,0,0.050000000000000044
0,1,0,1,1,1,0,0,1,0.05714285714285716
0,1,0,1,1,1,0,1,0,0.050000000000000044
0,1,0,1,1,1,0,1,1,0.05714285714285716
0,1,0,1,1,1,1,0,0,0.06428571428571428
0,1,0,1,1,1,1,0,1,0.06428571428571428
0,1,0,1,1,1,1,1,0,0.042857142857142816
0,1,0,1,1,1,1,1,1,0.06428571428571428
0,1,1,0,0,0,0,0,0,0.050000000000000044
0,1,1,0,0,0,0,0,1,0.0357142857142857
0,1,1,0,0,0,0,1,0,0.050000000000000044
0,1,1,0,0,0,0,1,1,0.050000000000000044
0,1,1,0,0,0,1,0,0,0.042857142857142816
0,1,1,0,0,0,1,0,1,0.050000000000000044
0,1,1,0,0,0,1,1,0,0.042857142857142816
0,1,1,0,0,0,1,1,1,0.042857142857142816
0,1,1,0,0,1,0,0,0,0.05714285714285716
0,1,1,0,0,1,0,0,1,0.050000000000000044
0,1,1,0,0,1,0,1,0,0.05714285714285716
0,1,1,0,0,1,0,1,1,0.05714285714285716
0,1,1,0,0,1,1,0,0,0.042857142857142816
0,1,1,0,0,1,1,0,1,0.050000000000000044
0,1,1,0,0,1,1,1,0,0.050000000000000044
0,1,1,0,0,1,1,1,1,0.050000000000000044
0,1,1,0,1,0,0,0,0,0.042857142857142816
0,1,1,0,1,0,0,0,1,0.0357142857142857
0,1,1,0,1,0,0,1,0,0.05714285714285716
0,1,1,0,1,0,0,1,1,0.042857142857142816
0,1,1,0,1,0,1,0,0,0.050000000000000044
0,1,1,0,1,0,1,0,1,0.042857142857142816
0,1,1,0,1,0,1,1,0,0.0357142857142857
0,1,1,0,1,0,1,1,1,0.042857142857142816
0,1,1,0,1,1,0,0,0,0.06428571428571428
0,1,1,0,1,1,0,0,1,0.06428571428571428
0,1,1,0,1,1,0,1,0,0.050000000000000044
0,1,1,0,1,1,0,1,1,0.05714285714285716
0,1,1,0,1,1,1,0,0,0.050000000000000044
0,1,1,0,1,1,1,0,1,0.050000000000000044
0,1,1,0,1,1,1,1,0,0.050000000000000044
0,1,1,0,1,1,1,1,1,0.050000000000000044
0,1,1,1,0,0,0,0,0,0.050000000000000044
0,1,1,1,0,0,0,0,1,0.0357142857142857
0,1,1,1,0,0,0,1,0,0.050000000000000044
0,1,1,1,0,0,0,1,1,0.042857142857142816
0,1,1,1,0,0,1,0,0,0.050000000000000044
0,1,1,1,0,0,1,0,1,0.042857142857142816
0,1,1,1,0,0,1,1,0,0.02857142857142858
0,1,1,1,0,0,1,1,1,0.042857142857142816
0,1,1,1,0,1,0,0,0,0.042857142857142816
0,1,1,1,0,1,0,0,1,0.050000000000000044
0,1,1,1,0,1,0,1,0,0.042857142857142816
0,1,1,1,0,1,0,1,1,0.050000000000000044
0,1,1,1,0,1,1,0,0,0.050000000000000044
0,1,1,1,0,1,1,0,1,0.042857142857142816
0,1,1,1,0,1,1,1,0,0.042857142857142816
0,1,1,1,0,1,1,1,1,0.042857142857142816
0,1,1,1,1,0,0,0,0,0.042857142857142816
0,1,1,1,1,0,0,0,1,0.0357142857142857
0,1,1,1,1,0,0,1,0,0.042857142857142816
0,1,1,1,1,0,0,1,1,0.042857142857142816
0,1,1,1,1,0,1,0,0,0.050000000000000044
0,1,1,1,1,0,1,0,1,0.050000000000000044
0,1,1,1,1,0,1,1,0,0.0357142857142857
0,1,1,1,1,0,1,1,1,0.021428571428571463
0,1,1,1,1,1,0,0,0,0.05714285714285716
0,1,1,1,1,1,0,0,1,0.042857142857142816
0,1,1,1,1,1,0,1,0,0.042857142857142816
0,1,1,1,1,1,0,1,1,0.050000000000000044
0,1,1,1,1,1,1,0,0,0.0357142857142857
0,1,1,1,1,1,1,0,1,0.02857142857142858
0,1,1,1,1,1,1,1,0,0.050000000000000044
0,1,1,1,1,1,1,1,1,0.042857142857142816
1,0,0,0,0,0,0,0,0,0.15714285714285714
1,0,0,0,0,0,0,0,1,0.08571428571428574
1,0,0,0,0,0,0,1,0,0.08571428571428574
1,0,0,0,0,0,0,1,1,0.08571428571428574
1,0,0,0,0,0,1,0,0,0.0714285714285714
1,0,0,0,0,0,1,0,1,0.06428571428571428
1,0,0,0,0,0,1,1,0,0.08571428571428574
1,0,0,0,0,0,1,1,1,0.0714285714285714
1,0,0,0,0,1,0,0,0,0.042857142857142816
1,0,0,0,0,1,0,0,1,0.0357142857142857
1,0,0,0,0,1,0,1,0,0.0357142857142857
1,0,0,0,0,1,0,1,1,0.02857142857142858
1,0,0,0,0,1,1,0,0,0.0357142857142857
1,0,0,0,0,1,1,0,1,0.02857142857142858
1,0,0,0,0,1,1,1,0,0.0357142857142857
1,0,0,0,0,1,1,1,1,0.0357142857142857
1,0,0,0,1,0,0,0,0,0.11428571428571432
1,0,0,0,1,0,0,0,1,0.09999999999999998
1,0,0,0,1,0,0,1,0,0.0714285714285714
1,0,0,0,1,0,0,1,1,0.06428571428571428
1,0,0,0,1,0,1,0,0,0.06428571428571428
1,0,0,0,1,0,1,0,1,0.06428571428571428
1,0,0,0,1,0,1,1,0,0.050000000000000044
1,0,0,0,1,0,1,1,1,0.050000000000000044
1,0,0,0,1,1,0,0,0,0.042857142857142816
1,0,0,0,1,1,0,0,1,0.050000000000000044
1,0,0,0,1,1,0,1,0,0.0357142857142857
1,0,0,0,1,1,0,1,1,0.042857142857142816
1,0,0,0,1,1,1,0,0,0.042857142857142816
1,0,0,0,1,1,1,0,1,0.042857142857142816
1,0,0,0,1,1,1,1,0,0.014285714285714235
1,0,0,0,1,1,1,1,1,0.014285714285714235
1,0,0,1,0,0,0,0,0,0.042857142857142816
1,0,0,1,0,0,0,0,1,0.0357142857142857
1,0,0,1,0,0,0,1,0,0.0714285714285714
1,0,0,1,0,0,0,1,1,0.0714285714285714
1,0,0,1,0,0,1,0,0,0.050000000000000044
1,0,0,1,0,0,1,0,1,0.050000000000000044
1,0,0,1,0,0,1,1,0,0.050000000000000044
1,0,0,1,0,0,1,1,1,0.050000000000000044
1,0,0,1,0,1,0,0,0,0.0357142857142857
1,0,0,1,0,1,0,0,1,0.0357142857142857
1,0,0,1,0,1,0,1,0,0.02857142857142858
1,0,0,1,0,1,0,1,1,0.021428571428571463
1,0,0,1,0,1,1,0,0,0.050000000000000044
1,0,0,1,0,1,1,0,1,0.02857142857142858
1,0,0,1,0,1,1,1,0,0.042857142857142816
1,0,0,1,0,1,1,1,1,0.0357142857142857
1,0,0,1,1,0,0,0,0,0.07857142857142863
1,0,0,1,1,0,0,0,1,0.0714285714285714
1,0,0,1,1,0,0,1,0,0.050000000000000044
1,0,0,1,1,0,0,1,1,0.0357142857142857
1,0,0,1,1,0,1,0,0,0.042857142857142816
1,0,0,1,1,0,1,0,1,0.042857142857142816
1,0,0,1,1,0,1,1,0,0.042857142857142816
1,0,0,1,1,0,1,1,1,0.042857142857142816
1,0,0,1,1,1,0,0,0,0.050000000000000044
1,0,0,1,1,1,0,0,1,0.050000000000000044
1,0,0,1,1,1,0,1,0,0.0357142857142857
1,0,0,1,1,1,0,1,1,0.0357142857142857
1,0,0,1,1,1,1,0,0,0.050000000000000044
1,0,0,1,1,1,1,0,1,0.05714285714285716
1,0,0,1,1,1,1,1,0,0.042857142857142816
1,0,0,1,1,1,1,1,1,0.042857142857142816
1,0,1,0,0,0,0,0,0,0.0714285714285714
1,0,1,0,0,0,0,0,1,0.0714285714285714
1,0,1,0,0,0,0,1,0,0.0357142857142857
1,0,1,0,0,0,0,1,1,0.042857142857142816
1,0,1,0,0,0,1,0,0,0.05714285714285716
1,0,1,0,0,0,1,0,1,0.05714285714285716
1,0,1,0,0,0,1,1,0,0.050000000000000044
1,0,1,0,0,0,1,1,1,0.050000000000000044
1,0,1,0,0,1,0,0,0,0.042857142857142816
1,0,1,0,0,1,0,0,1,0.050000000000000044
1,0,1,0,0,1,0,1,0,0.050000000000000044
1,0,1,0,0,1,0,1,1,0.042857142857142816
1,0,1,0,0,1,1,0,0,0.050000000000000044
1,0,1,0,0,1,1,0,1,0.05714285714285716
1,0,1,0,0,1,1,1,0,0.042857142857142816
1,0,1,0,0,1,1,1,1,0.042857142857142816
1,0,1,0,1,0,0,0,0,0.0714285714285714
1,0,1,0,1,0,0,0,1,0.06428571428571428
1,0,1,0,1,0,0,1,0,0.0357142857142857
1,0,1,0,1,0,0,1,1,0.0357142857142857
1,0,1,0,1,0,1,0,0,0.050000000000000044
1,0,1,0,1,0,1,0,1,0.050000000000000044
1,0,1,0,1,0,1,1,0,0.050000000000000044
1,0,1,0,1,0,1,1,1,0.050000000000000044
1,0,1,0,1,1,0,0,0,0.042857142857142816
1,0,1,0,1,1,0,0,1,0.0357142857142857
1,0,1,0,1,1,0,1,0,0.042857142857142816
1,0,1,0,1,1,0,1,1,0.042857142857142816
1,0,1,0,1,1,1,0,0,0.042857142857142816
1,0,1,0,1,1,1,0,1,0.042857142857142816
1,0,1,0,1,1,1,1,0,0.0357142857142857
1,0,1,0,1,1,1,1,1,0.0357142857142857
1,0,1,1,0,0,0,0,0,0.05714285714285716
1,0,1,1,0,0,0,0,1,0.05714285714285716
1,0,1,1,0,0,0,1,0,0.042857142857142816
1,0,1,1,0,0,0,1,1,0.042857142857142816
1,0,1,1,0,0,1,0,0,0.05714285714285716
1,0,1,1,0,0,1,0,1,0.06428571428571428
1,0,1,1,0,0,1,1,0,0.050000000000000044
1,0,1,1,0,0,1,1,1,0.042857142857142816
1,0,1,1,0,1,0,0,0,0.042857142857142816
1,0,1,1,0,1,0,0,1,0.042857142857142816
1,0,1,1,0,1,0,1,0,0.042857142857142816
1,0,1,1,0,1,0,1,1,0.042857142857142816
1,0,1,1,0,1,1,0,0,0.050000000000000044
1,0,1,1,0,1,1,0,1,0.050000000000000044
1,0,1,1,0,1,1,1,0,0.0357142857142857
1,0,1,1,0,1,1,1,1,0.042857142857142816
1,0,1,1,1,0,0,0,0,0.042857142857142816
1,0,1,1,1,0,0,0,1,0.0357142857142857
1,0,1,1,1,0,0,1,0,0.042857142857142816
1,0,1,1,1,0,0,1,1,0.042857142857142816
1,0,1,1,1,0,1,0,0,0.05714285714285716
1,0,1,1,1,0,1,0,1,0.05714285714285716
1,0,1,1,1,0,1,1,0,0.05714285714285716
1,0,1,1,1,0,1,1,1,0.0357142857142857
1,0,1,1,1,1,0,0,0,0.050000000000000044
1,0,1,1,1,1,0,0,1,0.050000000000000044
1,0,1,1,1,1,0,1,0,0.0357142857142857
1,0,1,1,1,1,0,1,1,0.0357142857142857
1,0,1,1,1,1,1,0,0,0.042857142857142816
1,0,1,1,1,1,1,0,1,0.05714285714285716
1,0,1,1,1,1,1,1,0,0.0357142857142857
1,0,1,1,1,1,1,1,1,0.0357142857142857
1,1,0,0,0,0,0,0,0,0.0714285714285714
1,1,0,0,0,0,0,0,1,0.05714285714285716
1,1,0,0,0,0,0,1,0,0.06428571428571428
1,1,0,0,0,0,0,1,1,0.05714285714285716
1,1,0,0,0,0,1,0,0,0.05714285714285716
1,1,0,0,0,0,1,0,1,0.050000000000000044
1,1,0,0,0,0,1,1,0,0.0714285714285714
1,1,0,0,0,0,1,1,1,0.05714285714285716
1,1,0,0,0,1,0,0,0,0.042857142857142816
1,1,0,0,0,1,0,0,1,0.050000000000000044
1,1,0,0,0,1,0,1,0,0.0357142857142857
1,1,0,0,0,1,0,1,1,0.0357142857142857
1,1,0,0,0,1,1,0,0,0.050000000000000044
1,1,0,0,0,1,1,0,1,0.050000000000000044
1,1,0,0,0,1,1,1,0,0.042857142857142816
1,1,0,0,0,1,1,1,1,0.042857142857142816
1,1,0,0,1,0,0,0,0,0.0714285714285714
1,1,0,0,1,0,0,0,1,0.06428571428571428
1,1,0,0,1,0,0,1,0,0.0714285714285714
1,1,0,0,1,0,0,1,1,0.06428571428571428
1,1,0,0,1,0,1,0,0,0.050000000000000044
1,1,0,0,1,0,1,0,1,0.050000000000000044
1,1,0,0,1,0,1,1,0,0.05714285714285716
1,1,0,0,1,0,1,1,1,0.05714285714285716
1,1,0,0,1,1,0,0,0,0.042857142857142816
1,1,0,0,1,1,0,0,1,0.05714285714285716
1,1,0,0,1,1,0,1,0,0.050000000000000044
1,1,0,0,1,1,0,1,1,0.05714285714285716
1,1,0,0,1,1,1,0,0,0.0357142857142857
1,1,0,0,1,1,1,0,1,0.0357142857142857
1,1,0,0,1,1,1,1,0,0.050000000000000044
1,1,0,0,1,1,1,1,1,0.050000000000000044
1,1,0,1,0,0,0,0,0,0.06428571428571428
1,1,0,1,0,0,0,0,1,0.050000000000000044
1,1,0,1,0,0,0,1,0,0.042857142857142816
1,1,0,1,0,0,0,1,1,0.042857142857142816
1,1,0,1,0,0,1,0,0,0.0714285714285714
1,1,0,1,0,0,1,0,1,0.06428571428571428
1,1,0,1,0,0,1,1,0,0.07857142857142863
1,1,0,1,0,0,1,1,1,0.07857142857142863
1,1,0,1,0,1,0,0,0,0.050000000000000044
1,1,0,1,0,1,0,0,1,0.050000000000000044
1,1,0,1,0,1,0,1,0,0.042857142857142816
1,1,0,1,0,1,0,1,1,0.042857142857142816
1,1,0,1,0,1,1,0,0,0.050000000000000044
1,1,0,1,0,1,1,0,1,0.050000000000000044
1,1,0,1,0,1,1,1,0,0.0357142857142857
1,1,0,1,0,1,1,1,1,0.0357142857142857
1,1,0,1,1,0,0,0,0,0.06428571428571428
1,1,0,1,1,0,0,0,1,0.042857142857142816
1,1,0,1,1,0,0,1,0,0.05714285714285716
1,1,0,1,1,0,0,1,1,0.042857142857142816
1,1,0,1,1,0,1,0,0,0.06428571428571428
1,1,0,1,1,0,1,0,1,0.07857142857142863
1,1,0,1,1,0,1,1,0,0.06428571428571428
1,1,0,1,1,0,1,1,1,0.0714285714285714
1,1,0,1,1,1,0,0,0,0.042857142857142816
1,1,0,1,1,1,0,0,1,0.042857142857142816
1,1,0,1,1,1,0,1,0,0.05714285714285716
1,1,0,1,1,1,0,1,1,0.050000000000000044
1,1,0,1,1,1,1,0,0,0.05714285714285716
1,1,0,1,1,1,1,0,1,0.05714285714285716
1,1,0,1,1,1,1,1,0,0.050000000000000044
1,1,0,1,1,1,1,1,1,0.042857142857142816
1,1,1,0,0,0,0,0,0,0.0357142857142857
1,1,1,0,0,0,0,0,1,0.0357142857142857
1,1,1,0,0,0,0,1,0,0.0357142857142857
1,1,1,0,0,0,0,1,1,0.0357142857142857
1,1,1,0,0,0,1,0,0,0.050000000000000044
1,1,1,0,0,0,1,0,1,0.050000000000000044
1,1,1,0,0,0,1,1,0,0.042857142857142816
1,1,1,0,0,0,1,1,1,0.042857142857142816
1,1,1,0,0,1,0,0,0,0.06428571428571428
1,1,1,0,0,1,0,0,1,0.050000000000000044
1,1,1,0,0,1,0,1,0,0.042857142857142816
1,1,1,0,0,1,0,1,1,0.0357142857142857
1,1,1,0,0,1,1,0,0,0.042857142857142816
1,1,1,0,0,1,1,0,1,0.042857142857142816
1,1,1,0,0,1,1,1,0,0.042857142857142816
1,1,1,0,0,1,1,1,1,0.0357142857142857
1,1,1,0,1,0,0,0,0,0.05714285714285716
1,1,1,0,1,0,0,0,1,0.0357142857142857
1,1,1,0,1,0,0,1,0,0.042857142857142816
1,1,1,0,1,0,0,1,1,0.042857142857142816
1,1,1,0,1,0,1,0,0,0.050000000000000044
1,1,1,0,1,0,1,0,1,0.05714285714285716
1,1,1,0,1,0,1,1,0,0.0714285714285714
1,1,1,0,1,0,1,1,1,0.0714285714285714
1,1,1,0,1,1,0,0,0,0.06428571428571428
1,1,1,0,1,1,0,0,1,0.06428571428571428
1,1,1,0,1,1,0,1,0,0.050000000000000044
1,1,1,0,1,1,0,1,1,0.050000000000000044
1,1,1,0,1,1,1,0,0,0.050000000000000044
1,1,1,0,1,1,1,0,1,0.050000000000000044
1,1,1,0,1,1,1,1,0,0.050000000000000044
1,1,1,0,1,1,1,1,1,0.042857142857142816
1,1,1,1,0,0,0,0,0,0.042857142857142816
1,1,1,1,0,0,0,0,1,0.02857142857142858
1,1,1,1,0,0,0,1,0,0.02857142857142858
1,1,1,1,0,0,0,1,1,0.02857142857142858
1,1,1,1,0,0,1,0,0,0.050000000000000044
1,1,1,1,0,0,1,0,1,0.050000000000000044
1,1,1,1,0,0,1,1,0,0.050000000000000044
1,1,1,1,0,0,1,1,1,0.05714285714285716
1,1,1,1,0,1,0,0,0,0.05714285714285716
1,1,1,1,0,1,0,0,1,0.05714285714285716
1,1,1,1,0,1,0,1,0,0.0357142857142857
1,1,1,1,0,1,0,1,1,0.0357142857142857
1,1,1,1,0,1,1,0,0,0.042857142857142816
1,1,1,1,0,1,1,0,1,0.042857142857142816
1,1,1,1,0,1,1,1,0,0.0357142857142857
1,1,1,1,0,1,1,1,1,0.02857142857142858
1,1,1,1,1,0,0,0,0,0.0357142857142857
1,1,1,1,1,0,0,0,1,0.02857142857142858
1,1,1,1,1,0,0,1,0,0.02857142857142858
1,1,1,1,1,0,0,1,1,0.02857142857142858
1,1,1,1,1,0,1,0,0,0.050000000000000044
1,1,1,1,1,0,1,0,1,0.05714285714285716
1,1,1,1,1,0,1,1,0,0.0714285714285714
1,1,1,1,1,0,1,1,1,0.06428571428571428
1,1,1,1,1,1,0,0,0,0.06428571428571428
1,1,1,1,1,1,0,0,1,0.042857142857142816
1,1,1,1,1,1,0,1,0,0.050000000000000044
1,1,1,1,1,1,0,1,1,0.050000000000000044
1,1,1,1,1,1,1,0,0,0.050000000000000044
1,1,1,1,1,1,1,0,1,0.050000000000000044
1,1,1,1,1,1,1,1,0,0.050000000000000044
1,1,1,1,1,1,1,1,1,0.050000000000000044
