gender,age,class,embarked,country,fare,sibsp,parch,Fit
0,0,0,0,0,0,0,1,0.7013574660633484
0,0,0,0,0,0,1,0,0.6877828054298643
0,0,0,0,0,0,1,1,0.7171945701357466
0,0,0,0,0,1,0,0,0.744343891402715
0,0,0,0,0,1,0,1,0.7375565610859729
0,0,0,0,0,1,1,0,0.7420814479638009
0,0,0,0,0,1,1,1,0.7420814479638009
0,0,0,0,1,0,0,0,0.7171945701357466
0,0,0,0,1,0,0,1,0.7375565610859729
0,0,0,0,1,0,1,0,0.7081447963800905
0,0,0,0,1,0,1,1,0.748868778280543
0,0,0,0,1,1,0,0,0.7262443438914027
0,0,0,0,1,1,0,1,0.7352941176470589
0,0,0,0,1,1,1,0,0.7330316742081447
0,0,0,0,1,1,1,1,0.7352941176470589
0,0,0,1,0,0,0,0,0.6877828054298643
0,0,0,1,0,0,0,1,0.6968325791855203
0,0,0,1,0,0,1,0,0.6900452488687783
0,0,0,1,0,0,1,1,0.7307692307692307
0,0,0,1,0,1,0,0,0.7398190045248869
0,0,0,1,0,1,0,1,0.746606334841629
0,0,0,1,0,1,1,0,0.748868778280543
0,0,0,1,0,1,1,1,0.7420814479638009
0,0,0,1,1,0,0,0,0.6968325791855203
0,0,0,1,1,0,0,1,0.7239819004524887
0,0,0,1,1,0,1,0,0.7149321266968326
0,0,0,1,1,0,1,1,0.7420814479638009
0,0,0,1,1,1,0,0,0.744343891402715
0,0,0,1,1,1,0,1,0.748868778280543
0,0,0,1,1,1,1,0,0.7307692307692307
0,0,0,1,1,1,1,1,0.744343891402715
0,0,1,0,0,0,0,0,0.7194570135746606
0,0,1,0,0,0,0,1,0.7375565610859729
0,0,1,0,0,0,1,0,0.7126696832579186
0,0,1,0,0,0,1,1,0.7375565610859729
0,0,1,0,0,1,0,0,0.755656108597285
0,0,1,0,0,1,0,1,0.7579185520361991
0,0,1,0,0,1,1,0,0.751131221719457
0,0,1,0,0,1,1,1,0.7579185520361991
0,0,1,0,1,0,0,0,0.7013574660633484
0,0,1,0,1,0,0,1,0.7375565610859729
0,0,1,0,1,0,1,0,0.7217194570135747
0,0,1,0,1,0,1,1,0.751131221719457
0,0,1,0,1,1,0,0,0.744343891402715
0,0,1,0,1,1,0,1,0.746606334841629
0,0,1,0,1,1,1,0,0.7352941176470589
0,0,1,0,1,1,1,1,0.7579185520361991
0,0,1,1,0,0,0,0,0.7239819004524887
0,0,1,1,0,0,0,1,0.746606334841629
0,0,1,1,0,0,1,0,0.7194570135746606
0,0,1,1,0,0,1,1,0.7601809954751131
0,0,1,1,0,1,0,0,0.748868778280543
0,0,1,1,0,1,0,1,0.753393665158371
0,0,1,1,0,1,1,0,0.748868778280543
0,0,1,1,0,1,1,1,0.751131221719457
0,0,1,1,1,0,0,0,0.7013574660633484
0,0,1,1,1,0,0,1,0.753393665158371
0,0,1,1,1,0,1,0,0.7307692307692307
0,0,1,1,1,0,1,1,0.755656108597285
0,0,1,1,1,1,0,0,0.7398190045248869
0,0,1,1,1,1,0,1,0.755656108597285
0,0,1,1,1,1,1,0,0.753393665158371
0,0,1,1,1,1,1,1,0.7624434389140271
0,1,0,0,0,0,0,0,0.6855203619909502
0,1,0,0,0,0,0,1,0.6923076923076923
0,1,0,0,0,0,1,0,0.7171945701357466
0,1,0,0,0,0,1,1,0.7194570135746606
0,1,0,0,0,1,0,0,0.7217194570135747
0,1,0,0,0,1,0,1,0.7239819004524887
0,1,0,0,0,1,1,0,0.744343891402715
0,1,0,0,0,1,1,1,0.7375565610859729
0,1,0,0,1,0,0,0,0.7217194570135747
0,1,0,0,1,0,0,1,0.7171945701357466
0,1,0,0,1,0,1,0,0.7375565610859729
0,1,0,0,1,0,1,1,0.7330316742081447
0,1,0,0,1,1,0,0,0.7149321266968326
0,1,0,0,1,1,0,1,0.7104072398190046
0,1,0,0,1,1,1,0,0.7307692307692307
0,1,0,0,1,1,1,1,0.7285067873303167
0,1,0,1,0,0,0,0,0.6855203619909502
0,1,0,1,0,0,0,1,0.7104072398190046
0,1,0,1,0,0,1,0,0.7013574660633484
0,1,0,1,0,0,1,1,0.7217194570135747
0,1,0,1,0,1,0,0,0.7375565610859729
0,1,0,1,0,1,0,1,0.7375565610859729
0,1,0,1,0,1,1,0,0.746606334841629
0,1,0,1,0,1,1,1,0.7330316742081447
0,1,0,1,1,0,0,0,0.7126696832579186
0,1,0,1,1,0,0,1,0.7330316742081447
0,1,0,1,1,0,1,0,0.7330316742081447
0,1,0,1,1,0,1,1,0.7375565610859729
0,1,0,1,1,1,0,0,0.7307692307692307
0,1,0,1,1,1,0,1,0.7398190045248869
0,1,0,1,1,1,1,0,0.744343891402715
0,1,0,1,1,1,1,1,0.755656108597285
0,1,1,0,0,0,0,0,0.7262443438914027
0,1,1,0,0,0,0,1,0.7262443438914027
0,1,1,0,0,0,1,0,0.7352941176470589
0,1,1,0,0,0,1,1,0.746606334841629
0,1,1,0,0,1,0,0,0.746606334841629
0,1,1,0,0,1,0,1,0.748868778280543
0,1,1,0,0,1,1,0,0.746606334841629
0,1,1,0,0,1,1,1,0.7352941176470589
0,1,1,0,1,0,0,0,0.7239819004524887
0,1,1,0,1,0,0,1,0.7352941176470589
0,1,1,0,1,0,1,0,0.7307692307692307
0,1,1,0,1,0,1,1,0.7398190045248869
0,1,1,0,1,1,0,0,0.7285067873303167
0,1,1,0,1,1,0,1,0.7420814479638009
0,1,1,0,1,1,1,0,0.7307692307692307
0,1,1,0,1,1,1,1,0.7330316742081447
0,1,1,1,0,0,0,0,0.7375565610859729
0,1,1,1,0,0,0,1,0.7420814479638009
0,1,1,1,0,0,1,0,0.744343891402715
0,1,1,1,0,0,1,1,0.744343891402715
0,1,1,1,0,1,0,0,0.7579185520361991
0,1,1,1,0,1,0,1,0.753393665158371
0,1,1,1,0,1,1,0,0.755656108597285
0,1,1,1,0,1,1,1,0.751131221719457
0,1,1,1,1,0,0,0,0.7307692307692307
0,1,1,1,1,0,0,1,0.7420814479638009
0,1,1,1,1,0,1,0,0.7330316742081447
0,1,1,1,1,0,1,1,0.7579185520361991
0,1,1,1,1,1,0,0,0.748868778280543
0,1,1,1,1,1,0,1,0.753393665158371
0,1,1,1,1,1,1,0,0.7420814479638009
0,1,1,1,1,1,1,1,0.7579185520361991
1,0,0,0,0,0,0,0,0.7828054298642534
1,0,0,0,0,0,0,1,0.7850678733031674
1,0,0,0,0,0,1,0,0.7850678733031674
1,0,0,0,0,0,1,1,0.7805429864253394
1,0,0,0,0,1,0,0,0.7963800904977375
1,0,0,0,0,1,0,1,0.7941176470588235
1,0,0,0,0,1,1,0,0.7895927601809954
1,0,0,0,0,1,1,1,0.7873303167420814
1,0,0,0,1,0,0,0,0.7873303167420814
1,0,0,0,1,0,0,1,0.7828054298642534
1,0,0,0,1,0,1,0,0.7850678733031674
1,0,0,0,1,0,1,1,0.7805429864253394
1,0,0,0,1,1,0,0,0.7941176470588235
1,0,0,0,1,1,0,1,0.7805429864253394
1,0,0,0,1,1,1,0,0.7918552036199095
1,0,0,0,1,1,1,1,0.7895927601809954
1,0,0,1,0,0,0,0,0.7828054298642534
1,0,0,1,0,0,0,1,0.7805429864253394
1,0,0,1,0,0,1,0,0.7850678733031674
1,0,0,1,0,0,1,1,0.7782805429864253
1,0,0,1,0,1,0,0,0.7963800904977375
1,0,0,1,0,1,0,1,0.7760180995475113
1,0,0,1,0,1,1,0,0.7941176470588235
1,0,0,1,0,1,1,1,0.7963800904977375
1,0,0,1,1,0,0,0,0.7850678733031674
1,0,0,1,1,0,0,1,0.7782805429864253
1,0,0,1,1,0,1,0,0.7895927601809954
1,0,0,1,1,0,1,1,0.7828054298642534
1,0,0,1,1,1,0,0,0.7963800904977375
1,0,0,1,1,1,0,1,0.7918552036199095
1,0,0,1,1,1,1,0,0.7963800904977375
1,0,0,1,1,1,1,1,0.7850678733031674
1,0,1,0,0,0,0,0,0.7918552036199095
1,0,1,0,0,0,0,1,0.7850678733031674
1,0,1,0,0,0,1,0,0.8009049773755657
1,0,1,0,0,0,1,1,0.7963800904977375
1,0,1,0,0,1,0,0,0.8076923076923077
1,0,1,0,0,1,0,1,0.8054298642533937
1,0,1,0,0,1,1,0,0.8122171945701357
1,0,1,0,0,1,1,1,0.8054298642533937
1,0,1,0,1,0,0,0,0.7941176470588235
1,0,1,0,1,0,0,1,0.7941176470588235
1,0,1,0,1,0,1,0,0.7963800904977375
1,0,1,0,1,0,1,1,0.7941176470588235
1,0,1,0,1,1,0,0,0.8144796380090498
1,0,1,0,1,1,0,1,0.8122171945701357
1,0,1,0,1,1,1,0,0.8144796380090498
1,0,1,0,1,1,1,1,0.8144796380090498
1,0,1,1,0,0,0,0,0.8122171945701357
1,0,1,1,0,0,0,1,0.7986425339366516
1,0,1,1,0,0,1,0,0.8031674208144797
1,0,1,1,0,0,1,1,0.7963800904977375
1,0,1,1,0,1,0,0,0.8167420814479638
1,0,1,1,0,1,0,1,0.8031674208144797
1,0,1,1,0,1,1,0,0.8144796380090498
1,0,1,1,0,1,1,1,0.8099547511312217
1,0,1,1,1,0,0,0,0.7941176470588235
1,0,1,1,1,0,0,1,0.8009049773755657
1,0,1,1,1,0,1,0,0.7986425339366516
1,0,1,1,1,0,1,1,0.7986425339366516
1,0,1,1,1,1,0,0,0.8167420814479638
1,0,1,1,1,1,0,1,0.8122171945701357
1,0,1,1,1,1,1,0,0.8144796380090498
1,0,1,1,1,1,1,1,0.8076923076923077
1,1,0,0,0,0,0,0,0.7782805429864253
1,1,0,0,0,0,0,1,0.7828054298642534
1,1,0,0,0,0,1,0,0.7963800904977375
1,1,0,0,0,0,1,1,0.7941176470588235
1,1,0,0,0,1,0,0,0.7850678733031674
1,1,0,0,0,1,0,1,0.7850678733031674
1,1,0,0,0,1,1,0,0.7895927601809954
1,1,0,0,0,1,1,1,0.7895927601809954
1,1,0,0,1,0,0,0,0.7963800904977375
1,1,0,0,1,0,0,1,0.7963800904977375
1,1,0,0,1,0,1,0,0.7895927601809954
1,1,0,0,1,0,1,1,0.7963800904977375
1,1,0,0,1,1,0,0,0.7850678733031674
1,1,0,0,1,1,0,1,0.7963800904977375
1,1,0,0,1,1,1,0,0.7873303167420814
1,1,0,0,1,1,1,1,0.7873303167420814
1,1,0,1,0,0,0,0,0.7828054298642534
1,1,0,1,0,0,0,1,0.7737556561085973
1,1,0,1,0,0,1,0,0.7850678733031674
1,1,0,1,0,0,1,1,0.7895927601809954
1,1,0,1,0,1,0,0,0.7760180995475113
1,1,0,1,0,1,0,1,0.7714932126696833
1,1,0,1,0,1,1,0,0.7873303167420814
1,1,0,1,0,1,1,1,0.7828054298642534
1,1,0,1,1,0,0,0,0.7918552036199095
1,1,0,1,1,0,0,1,0.7941176470588235
1,1,0,1,1,0,1,0,0.7963800904977375
1,1,0,1,1,0,1,1,0.7895927601809954
1,1,0,1,1,1,0,0,0.7850678733031674
1,1,0,1,1,1,0,1,0.7850678733031674
1,1,0,1,1,1,1,0,0.7918552036199095
1,1,0,1,1,1,1,1,0.7895927601809954
1,1,1,0,0,0,0,0,0.8122171945701357
1,1,1,0,0,0,0,1,0.8144796380090498
1,1,1,0,0,0,1,0,0.8190045248868778
1,1,1,0,0,0,1,1,0.8122171945701357
1,1,1,0,0,1,0,0,0.7895927601809954
1,1,1,0,0,1,0,1,0.7941176470588235
1,1,1,0,0,1,1,0,0.8076923076923077
1,1,1,0,0,1,1,1,0.8076923076923077
1,1,1,0,1,0,0,0,0.7873303167420814
1,1,1,0,1,0,0,1,0.7963800904977375
1,1,1,0,1,0,1,0,0.8076923076923077
1,1,1,0,1,0,1,1,0.8054298642533937
1,1,1,0,1,1,0,0,0.7941176470588235
1,1,1,0,1,1,0,1,0.7986425339366516
1,1,1,0,1,1,1,0,0.8009049773755657
1,1,1,0,1,1,1,1,0.7918552036199095
1,1,1,1,0,0,0,0,0.8144796380090498
1,1,1,1,0,0,0,1,0.8009049773755657
1,1,1,1,0,0,1,0,0.8144796380090498
1,1,1,1,0,0,1,1,0.8144796380090498
1,1,1,1,0,1,0,0,0.8167420814479638
1,1,1,1,0,1,0,1,0.8122171945701357
1,1,1,1,0,1,1,0,0.8009049773755657
1,1,1,1,0,1,1,1,0.8009049773755657
1,1,1,1,1,0,0,0,0.7986425339366516
1,1,1,1,1,0,0,1,0.7963800904977375
1,1,1,1,1,0,1,0,0.8099547511312217
1,1,1,1,1,0,1,1,0.8099547511312217
1,1,1,1,1,1,0,0,0.8031674208144797
1,1,1,1,1,1,0,1,0.8099547511312217
1,1,1,1,1,1,1,0,0.7941176470588235
1,1,1,1,1,1,1,1,0.8009049773755657
