fixed acidity,volatile acidity,citric acid,residual sugar,chlorides,free sulfur dioxide,total sulfur dioxide,density,pH,sulphates,alcohol,Loss
0,0,0,0,0,0,0,0,0,0,1,0.4784615384615385
0,0,0,0,0,0,0,0,0,1,0,0.5576923076923077
0,0,0,0,0,0,0,0,0,1,1,0.4838461538461538
0,0,0,0,0,0,0,0,1,0,0,0.5561538461538462
0,0,0,0,0,0,0,0,1,0,1,0.4638461538461538
0,0,0,0,0,0,0,0,1,1,0,0.5453846153846154
0,0,0,0,0,0,0,0,1,1,1,0.4723076923076923
0,0,0,0,0,0,0,1,0,0,0,0.5353846153846153
0,0,0,0,0,0,0,1,0,0,1,0.47461538461538466
0,0,0,0,0,0,0,1,0,1,0,0.47923076923076924
0,0,0,0,0,0,0,1,0,1,1,0.46461538461538465
0,0,0,0,0,0,0,1,1,0,0,0.5015384615384615
0,0,0,0,0,0,0,1,1,0,1,0.46153846153846156
0,0,0,0,0,0,0,1,1,1,0,0.47923076923076924
0,0,0,0,0,0,0,1,1,1,1,0.4476923076923077
0,0,0,0,0,0,1,0,0,0,0,0.5492307692307692
0,0,0,0,0,0,1,0,0,0,1,0.4784615384615385
0,0,0,0,0,0,1,0,0,1,0,0.5284615384615385
0,0,0,0,0,0,1,0,0,1,1,0.46615384615384614
0,0,0,0,0,0,1,0,1,0,0,0.5292307692307692
0,0,0,0,0,0,1,0,1,0,1,0.47
0,0,0,0,0,0,1,0,1,1,0,0.5192307692307692
0,0,0,0,0,0,1,0,1,1,1,0.46615384615384614
0,0,0,0,0,0,1,1,0,0,0,0.5192307692307692
0,0,0,0,0,0,1,1,0,0,1,0.4476923076923077
0,0,0,0,0,0,1,1,0,1,0,0.47615384615384615
0,0,0,0,0,0,1,1,0,1,1,0.46615384615384614
0,0,0,0,0,0,1,1,1,0,0,0.49461538461538457
0,0,0,0,0,0,1,1,1,0,1,0.4653846153846154
0,0,0,0,0,0,1,1,1,1,0,0.4815384615384616
0,0,0,0,0,0,1,1,1,1,1,0.4492307692307692
0,0,0,0,0,1,0,0,0,0,0,0.5338461538461539
0,0,0,0,0,1,0,0,0,0,1,0.4507692307692308
0,0,0,0,0,1,0,0,0,1,0,0.5307692307692308
0,0,0,0,0,1,0,0,0,1,1,0.4376923076923077
0,0,0,0,0,1,0,0,1,0,0,0.5384615384615384
0,0,0,0,0,1,0,0,1,0,1,0.4607692307692308
0,0,0,0,0,1,0,0,1,1,0,0.5246153846153846
0,0,0,0,0,1,0,0,1,1,1,0.4607692307692308
0,0,0,0,0,1,0,1,0,0,0,0.5161538461538462
0,0,0,0,0,1,0,1,0,0,1,0.4438461538461539
0,0,0,0,0,1,0,1,0,1,0,0.4784615384615385
0,0,0,0,0,1,0,1,0,1,1,0.43153846153846154
0,0,0,0,0,1,0,1,1,0,0,0.4823076923076923
0,0,0,0,0,1,0,1,1,0,1,0.4438461538461539
0,0,0,0,0,1,0,1,1,1,0,0.45307692307692304
0,0,0,0,0,1,0,1,1,1,1,0.4376923076923077
0,0,0,0,0,1,1,0,0,0,0,0.5423076923076924
0,0,0,0,0,1,1,0,0,0,1,0.4461538461538461
0,0,0,0,0,1,1,0,0,1,0,0.5315384615384615
0,0,0,0,0,1,1,0,0,1,1,0.4392307692307692
0,0,0,0,0,1,1,0,1,0,0,0.5161538461538462
0,0,0,0,0,1,1,0,1,0,1,0.4607692307692308
0,0,0,0,0,1,1,0,1,1,0,0.5115384615384615
0,0,0,0,0,1,1,0,1,1,1,0.4346153846153846
0,0,0,0,0,1,1,1,0,0,0,0.4984615384615385
0,0,0,0,0,1,1,1,0,0,1,0.4476923076923077
0,0,0,0,0,1,1,1,0,1,0,0.45307692307692304
0,0,0,0,0,1,1,1,0,1,1,0.4338461538461539
0,0,0,0,0,1,1,1,1,0,0,0.4815384615384616
0,0,0,0,0,1,1,1,1,0,1,0.4376923076923077
0,0,0,0,0,1,1,1,1,1,0,0.46923076923076923
0,0,0,0,0,1,1,1,1,1,1,0.4246153846153846
0,0,0,0,1,0,0,0,0,0,0,0.5384615384615384
0,0,0,0,1,0,0,0,0,0,1,0.46769230769230774
0,0,0,0,1,0,0,0,0,1,0,0.5069230769230769
0,0,0,0,1,0,0,0,0,1,1,0.46153846153846156
0,0,0,0,1,0,0,0,1,0,0,0.5138461538461538
0,0,0,0,1,0,0,0,1,0,1,0.4623076923076923
0,0,0,0,1,0,0,0,1,1,0,0.49076923076923074
0,0,0,0,1,0,0,0,1,1,1,0.45769230769230773
0,0,0,0,1,0,0,1,0,0,0,0.5192307692307692
0,0,0,0,1,0,0,1,0,0,1,0.4553846153846154
0,0,0,0,1,0,0,1,0,1,0,0.46615384615384614
0,0,0,0,1,0,0,1,0,1,1,0.42692307692307696
0,0,0,0,1,0,0,1,1,0,0,0.47923076923076924
0,0,0,0,1,0,0,1,1,0,1,0.44461538461538463
0,0,0,0,1,0,0,1,1,1,0,0.47615384615384615
0,0,0,0,1,0,0,1,1,1,1,0.4361538461538461
0,0,0,0,1,0,1,0,0,0,0,0.5084615384615385
0,0,0,0,1,0,1,0,0,0,1,0.4553846153846154
0,0,0,0,1,0,1,0,0,1,0,0.4653846153846154
0,0,0,0,1,0,1,0,0,1,1,0.45461538461538464
0,0,0,0,1,0,1,0,1,0,0,0.4869230769230769
0,0,0,0,1,0,1,0,1,0,1,0.46923076923076923
0,0,0,0,1,0,1,0,1,1,0,0.47923076923076924
0,0,0,0,1,0,1,0,1,1,1,0.446923076923077
0,0,0,0,1,0,1,1,0,0,0,0.5038461538461538
0,0,0,0,1,0,1,1,0,0,1,0.43846153846153846
0,0,0,0,1,0,1,1,0,1,0,0.47
0,0,0,0,1,0,1,1,0,1,1,0.42307692307692313
0,0,0,0,1,0,1,1,1,0,0,0.4738461538461538
0,0,0,0,1,0,1,1,1,0,1,0.4376923076923077
0,0,0,0,1,0,1,1,1,1,0,0.4584615384615385
0,0,0,0,1,0,1,1,1,1,1,0.41692307692307695
0,0,0,0,1,1,0,0,0,0,0,0.5207692307692308
0,0,0,0,1,1,0,0,0,0,1,0.4407692307692308
0,0,0,0,1,1,0,0,0,1,0,0.4930769230769231
0,0,0,0,1,1,0,0,0,1,1,0.4207692307692308
0,0,0,0,1,1,0,0,1,0,0,0.49076923076923074
0,0,0,0,1,1,0,0,1,0,1,0.4453846153846154
0,0,0,0,1,1,0,0,1,1,0,0.46769230769230774
0,0,0,0,1,1,0,0,1,1,1,0.43153846153846154
0,0,0,0,1,1,0,1,0,0,0,0.4969230769230769
0,0,0,0,1,1,0,1,0,0,1,0.433076923076923
0,0,0,0,1,1,0,1,0,1,0,0.4653846153846154
0,0,0,0,1,1,0,1,0,1,1,0.4107692307692308
0,0,0,0,1,1,0,1,1,0,0,0.46461538461538465
0,0,0,0,1,1,0,1,1,0,1,0.4261538461538461
0,0,0,0,1,1,0,1,1,1,0,0.4507692307692308
0,0,0,0,1,1,0,1,1,1,1,0.41538461538461535
0,0,0,0,1,1,1,0,0,0,0,0.5038461538461538
0,0,0,0,1,1,1,0,0,0,1,0.44307692307692303
0,0,0,0,1,1,1,0,0,1,0,0.4769230769230769
0,0,0,0,1,1,1,0,0,1,1,0.4176923076923077
0,0,0,0,1,1,1,0,1,0,0,0.4738461538461538
0,0,0,0,1,1,1,0,1,0,1,0.4407692307692308
0,0,0,0,1,1,1,0,1,1,0,0.47
0,0,0,0,1,1,1,0,1,1,1,0.4130769230769231
0,0,0,0,1,1,1,1,0,0,0,0.47769230769230764
0,0,0,0,1,1,1,1,0,0,1,0.4192307692307692
0,0,0,0,1,1,1,1,0,1,0,0.45999999999999996
0,0,0,0,1,1,1,1,0,1,1,0.41846153846153844
0,0,0,0,1,1,1,1,1,0,0,0.4638461538461538
0,0,0,0,1,1,1,1,1,0,1,0.4307692307692308
0,0,0,0,1,1,1,1,1,1,0,0.4553846153846154
0,0,0,0,1,1,1,1,1,1,1,0.41000000000000003
0,0,0,1,0,0,0,0,0,0,0,0.5476923076923077
0,0,0,1,0,0,0,0,0,0,1,0.4523076923076923
0,0,0,1,0,0,0,0,0,1,0,0.5361538461538462
0,0,0,1,0,0,0,0,0,1,1,0.4569230769230769
0,0,0,1,0,0,0,0,1,0,0,0.5215384615384615
0,0,0,1,0,0,0,0,1,0,1,0.4553846153846154
0,0,0,1,0,0,0,0,1,1,0,0.5130769230769231
0,0,0,1,0,0,0,0,1,1,1,0.4476923076923077
0,0,0,1,0,0,0,1,0,0,0,0.4769230769230769
0,0,0,1,0,0,0,1,0,0,1,0.44461538461538463
0,0,0,1,0,0,0,1,0,1,0,0.4723076923076923
0,0,0,1,0,0,0,1,0,1,1,0.42307692307692313
0,0,0,1,0,0,0,1,1,0,0,0.47769230769230764
0,0,0,1,0,0,0,1,1,0,1,0.4461538461538461
0,0,0,1,0,0,0,1,1,1,0,0.44307692307692303
0,0,0,1,0,0,0,1,1,1,1,0.43000000000000005
0,0,0,1,0,0,1,0,0,0,0,0.5269230769230769
0,0,0,1,0,0,1,0,0,0,1,0.44153846153846155
0,0,0,1,0,0,1,0,0,1,0,0.49230769230769234
0,0,0,1,0,0,1,0,0,1,1,0.4423076923076923
0,0,0,1,0,0,1,0,1,0,0,0.5153846153846153
0,0,0,1,0,0,1,0,1,0,1,0.43692307692307697
0,0,0,1,0,0,1,0,1,1,0,0.5107692307692308
0,0,0,1,0,0,1,0,1,1,1,0.43538461538461537
0,0,0,1,0,0,1,1,0,0,0,0.48307692307692307
0,0,0,1,0,0,1,1,0,0,1,0.4323076923076923
0,0,0,1,0,0,1,1,0,1,0,0.45461538461538464
0,0,0,1,0,0,1,1,0,1,1,0.42692307692307696
0,0,0,1,0,0,1,1,1,0,0,0.4584615384615385
0,0,0,1,0,0,1,1,1,0,1,0.4338461538461539
0,0,0,1,0,0,1,1,1,1,0,0.4176923076923077
0,0,0,1,0,0,1,1,1,1,1,0.43153846153846154
0,0,0,1,0,1,0,0,0,0,0,0.5261538461538462
0,0,0,1,0,1,0,0,0,0,1,0.43153846153846154
0,0,0,1,0,1,0,0,0,1,0,0.5130769230769231
0,0,0,1,0,1,0,0,0,1,1,0.4246153846153846
0,0,0,1,0,1,0,0,1,0,0,0.5
0,0,0,1,0,1,0,0,1,0,1,0.4346153846153846
0,0,0,1,0,1,0,0,1,1,0,0.5076923076923077
0,0,0,1,0,1,0,0,1,1,1,0.4223076923076923
0,0,0,1,0,1,0,1,0,0,0,0.4784615384615385
0,0,0,1,0,1,0,1,0,0,1,0.41538461538461535
0,0,0,1,0,1,0,1,0,1,0,0.446923076923077
0,0,0,1,0,1,0,1,0,1,1,0.4061538461538462
0,0,0,1,0,1,0,1,1,0,0,0.4723076923076923
0,0,0,1,0,1,0,1,1,0,1,0.42538461538461536
0,0,0,1,0,1,0,1,1,1,0,0.4476923076923077
0,0,0,1,0,1,0,1,1,1,1,0.41230769230769226
0,0,0,1,0,1,1,0,0,0,0,0.51
0,0,0,1,0,1,1,0,0,0,1,0.41846153846153844
0,0,0,1,0,1,1,0,0,1,0,0.4853846153846154
0,0,0,1,0,1,1,0,0,1,1,0.41692307692307695
0,0,0,1,0,1,1,0,1,0,0,0.5161538461538462
0,0,0,1,0,1,1,0,1,0,1,0.42692307692307696
0,0,0,1,0,1,1,0,1,1,0,0.4953846153846154
0,0,0,1,0,1,1,0,1,1,1,0.4030769230769231
0,0,0,1,0,1,1,1,0,0,0,0.46153846153846156
0,0,0,1,0,1,1,1,0,0,1,0.40846153846153843
0,0,0,1,0,1,1,1,0,1,0,0.4376923076923077
0,0,0,1,0,1,1,1,0,1,1,0.41000000000000003
0,0,0,1,0,1,1,1,1,0,0,0.45615384615384613
0,0,0,1,0,1,1,1,1,0,1,0.4161538461538462
0,0,0,1,0,1,1,1,1,1,0,0.4223076923076923
0,0,0,1,0,1,1,1,1,1,1,0.40384615384615385
0,0,0,1,1,0,0,0,0,0,0,0.5146153846153847
0,0,0,1,1,0,0,0,0,0,1,0.4361538461538461
0,0,0,1,1,0,0,0,0,1,0,0.4838461538461538
0,0,0,1,1,0,0,0,0,1,1,0.446923076923077
0,0,0,1,1,0,0,0,1,0,0,0.48769230769230765
0,0,0,1,1,0,0,0,1,0,1,0.45153846153846156
0,0,0,1,1,0,0,0,1,1,0,0.47307692307692306
0,0,0,1,1,0,0,0,1,1,1,0.4453846153846154
0,0,0,1,1,0,0,1,0,0,0,0.4838461538461538
0,0,0,1,1,0,0,1,0,0,1,0.4507692307692308
0,0,0,1,1,0,0,1,0,1,0,0.45615384615384613
0,0,0,1,1,0,0,1,0,1,1,0.43538461538461537
0,0,0,1,1,0,0,1,1,0,0,0.46769230769230774
0,0,0,1,1,0,0,1,1,0,1,0.4407692307692308
0,0,0,1,1,0,0,1,1,1,0,0.43692307692307697
0,0,0,1,1,0,0,1,1,1,1,0.4346153846153846
0,0,0,1,1,0,1,0,0,0,0,0.48461538461538467
0,0,0,1,1,0,1,0,0,0,1,0.43846153846153846
0,0,0,1,1,0,1,0,0,1,0,0.4638461538461538
0,0,0,1,1,0,1,0,0,1,1,0.4423076923076923
0,0,0,1,1,0,1,0,1,0,0,0.48
0,0,0,1,1,0,1,0,1,0,1,0.43999999999999995
0,0,0,1,1,0,1,0,1,1,0,0.46769230769230774
0,0,0,1,1,0,1,0,1,1,1,0.42846153846153845
0,0,0,1,1,0,1,1,0,0,0,0.47769230769230764
0,0,0,1,1,0,1,1,0,0,1,0.4238461538461539
0,0,0,1,1,0,1,1,0,1,0,0.45615384615384613
0,0,0,1,1,0,1,1,0,1,1,0.41846153846153844
0,0,0,1,1,0,1,1,1,0,0,0.46615384615384614
0,0,0,1,1,0,1,1,1,0,1,0.433076923076923
0,0,0,1,1,0,1,1,1,1,0,0.433076923076923
0,0,0,1,1,0,1,1,1,1,1,0.4261538461538461
0,0,0,1,1,1,0,0,0,0,0,0.48307692307692307
0,0,0,1,1,1,0,0,0,0,1,0.41846153846153844
0,0,0,1,1,1,0,0,0,1,0,0.4723076923076923
0,0,0,1,1,1,0,0,0,1,1,0.40230769230769226
0,0,0,1,1,1,0,0,1,0,0,0.4723076923076923
0,0,0,1,1,1,0,0,1,0,1,0.41000000000000003
0,0,0,1,1,1,0,0,1,1,0,0.44461538461538463
0,0,0,1,1,1,0,0,1,1,1,0.41846153846153844
0,0,0,1,1,1,0,1,0,0,0,0.45615384615384613
0,0,0,1,1,1,0,1,0,0,1,0.41538461538461535
0,0,0,1,1,1,0,1,0,1,0,0.4423076923076923
0,0,0,1,1,1,0,1,0,1,1,0.41230769230769226
0,0,0,1,1,1,0,1,1,0,0,0.4423076923076923
0,0,0,1,1,1,0,1,1,0,1,0.4346153846153846
0,0,0,1,1,1,0,1,1,1,0,0.4238461538461539
0,0,0,1,1,1,0,1,1,1,1,0.4115384615384615
0,0,0,1,1,1,1,0,0,0,0,0.47461538461538466
0,0,0,1,1,1,1,0,0,0,1,0.41846153846153844
0,0,0,1,1,1,1,0,0,1,0,0.45615384615384613
0,0,0,1,1,1,1,0,0,1,1,0.4046153846153846
0,0,0,1,1,1,1,0,1,0,0,0.4553846153846154
0,0,0,1,1,1,1,0,1,0,1,0.4261538461538461
0,0,0,1,1,1,1,0,1,1,0,0.4653846153846154
0,0,0,1,1,1,1,0,1,1,1,0.4107692307692308
0,0,0,1,1,1,1,1,0,0,0,0.45307692307692304
0,0,0,1,1,1,1,1,0,0,1,0.41846153846153844
0,0,0,1,1,1,1,1,0,1,0,0.42538461538461536
0,0,0,1,1,1,1,1,0,1,1,0.41230769230769226
0,0,0,1,1,1,1,1,1,0,0,0.45769230769230773
0,0,0,1,1,1,1,1,1,0,1,0.4261538461538461
0,0,0,1,1,1,1,1,1,1,0,0.4161538461538462
0,0,0,1,1,1,1,1,1,1,1,0.4115384615384615
0,0,1,0,0,0,0,0,0,0,0,0.5476923076923077
0,0,1,0,0,0,0,0,0,0,1,0.47615384615384615
0,0,1,0,0,0,0,0,0,1,0,0.5184615384615385
0,0,1,0,0,0,0,0,0,1,1,0.4638461538461538
0,0,1,0,0,0,0,0,1,0,0,0.5192307692307692
0,0,1,0,0,0,0,0,1,0,1,0.47307692307692306
0,0,1,0,0,0,0,0,1,1,0,0.5030769230769231
0,0,1,0,0,0,0,0,1,1,1,0.4507692307692308
0,0,1,0,0,0,0,1,0,0,0,0.5046153846153847
0,0,1,0,0,0,0,1,0,0,1,0.45999999999999996
0,0,1,0,0,0,0,1,0,1,0,0.4884615384615385
0,0,1,0,0,0,0,1,0,1,1,0.46307692307692305
0,0,1,0,0,0,0,1,1,0,0,0.4869230769230769
0,0,1,0,0,0,0,1,1,0,1,0.4569230769230769
0,0,1,0,0,0,0,1,1,1,0,0.46615384615384614
0,0,1,0,0,0,0,1,1,1,1,0.4392307692307692
0,0,1,0,0,0,1,0,0,0,0,0.533076923076923
0,0,1,0,0,0,1,0,0,0,1,0.44846153846153847
0,0,1,0,0,0,1,0,0,1,0,0.5184615384615385
0,0,1,0,0,0,1,0,0,1,1,0.43999999999999995
0,0,1,0,0,0,1,0,1,0,0,0.49076923076923074
0,0,1,0,0,0,1,0,1,0,1,0.4523076923076923
0,0,1,0,0,0,1,0,1,1,0,0.4930769230769231
0,0,1,0,0,0,1,0,1,1,1,0.446923076923077
0,0,1,0,0,0,1,1,0,0,0,0.4884615384615385
0,0,1,0,0,0,1,1,0,0,1,0.44999999999999996
0,0,1,0,0,0,1,1,0,1,0,0.46461538461538465
0,0,1,0,0,0,1,1,0,1,1,0.4323076923076923
0,0,1,0,0,0,1,1,1,0,0,0.46769230769230774
0,0,1,0,0,0,1,1,1,0,1,0.4623076923076923
0,0,1,0,0,0,1,1,1,1,0,0.44461538461538463
0,0,1,0,0,0,1,1,1,1,1,0.4407692307692308
0,0,1,0,0,1,0,0,0,0,0,0.5092307692307692
0,0,1,0,0,1,0,0,0,0,1,0.4423076923076923
0,0,1,0,0,1,0,0,0,1,0,0.4938461538461538
0,0,1,0,0,1,0,0,0,1,1,0.4438461538461539
0,0,1,0,0,1,0,0,1,0,0,0.5084615384615385
0,0,1,0,0,1,0,0,1,0,1,0.45615384615384613
0,0,1,0,0,1,0,0,1,1,0,0.4938461538461538
0,0,1,0,0,1,0,0,1,1,1,0.4423076923076923
0,0,1,0,0,1,0,1,0,0,0,0.4723076923076923
0,0,1,0,0,1,0,1,0,0,1,0.44846153846153847
0,0,1,0,0,1,0,1,0,1,0,0.45999999999999996
0,0,1,0,0,1,0,1,0,1,1,0.4361538461538461
0,0,1,0,0,1,0,1,1,0,0,0.45999999999999996
0,0,1,0,0,1,0,1,1,0,1,0.44307692307692303
0,0,1,0,0,1,0,1,1,1,0,0.43692307692307697
0,0,1,0,0,1,0,1,1,1,1,0.42307692307692313
0,0,1,0,0,1,1,0,0,0,0,0.5076923076923077
0,0,1,0,0,1,1,0,0,0,1,0.4476923076923077
0,0,1,0,0,1,1,0,0,1,0,0.4984615384615385
0,0,1,0,0,1,1,0,0,1,1,0.42846153846153845
0,0,1,0,0,1,1,0,1,0,0,0.4915384615384616
0,0,1,0,0,1,1,0,1,0,1,0.43692307692307697
0,0,1,0,0,1,1,0,1,1,0,0.4869230769230769
0,0,1,0,0,1,1,0,1,1,1,0.4307692307692308
0,0,1,0,0,1,1,1,0,0,0,0.47307692307692306
0,0,1,0,0,1,1,1,0,0,1,0.4376923076923077
0,0,1,0,0,1,1,1,0,1,0,0.4538461538461539
0,0,1,0,0,1,1,1,0,1,1,0.42538461538461536
0,0,1,0,0,1,1,1,1,0,0,0.44153846153846155
0,0,1,0,0,1,1,1,1,0,1,0.44461538461538463
0,0,1,0,0,1,1,1,1,1,0,0.4476923076923077
0,0,1,0,0,1,1,1,1,1,1,0.4223076923076923
0,0,1,0,1,0,0,0,0,0,0,0.5076923076923077
0,0,1,0,1,0,0,0,0,0,1,0.4476923076923077
0,0,1,0,1,0,0,0,0,1,0,0.4823076923076923
0,0,1,0,1,0,0,0,0,1,1,0.4392307692307692
0,0,1,0,1,0,0,0,1,0,0,0.4838461538461538
0,0,1,0,1,0,0,0,1,0,1,0.4323076923076923
0,0,1,0,1,0,0,0,1,1,0,0.4723076923076923
0,0,1,0,1,0,0,0,1,1,1,0.4376923076923077
0,0,1,0,1,0,0,1,0,0,0,0.4938461538461538
0,0,1,0,1,0,0,1,0,0,1,0.4553846153846154
0,0,1,0,1,0,0,1,0,1,0,0.4738461538461538
0,0,1,0,1,0,0,1,0,1,1,0.4392307692307692
0,0,1,0,1,0,0,1,1,0,0,0.48615384615384616
0,0,1,0,1,0,0,1,1,0,1,0.446923076923077
0,0,1,0,1,0,0,1,1,1,0,0.45615384615384613
0,0,1,0,1,0,0,1,1,1,1,0.4207692307692308
0,0,1,0,1,0,1,0,0,0,0,0.46769230769230774
0,0,1,0,1,0,1,0,0,0,1,0.4392307692307692
0,0,1,0,1,0,1,0,0,1,0,0.4623076923076923
0,0,1,0,1,0,1,0,0,1,1,0.4292307692307692
0,0,1,0,1,0,1,0,1,0,0,0.4638461538461538
0,0,1,0,1,0,1,0,1,0,1,0.4338461538461539
0,0,1,0,1,0,1,0,1,1,0,0.45153846153846156
0,0,1,0,1,0,1,0,1,1,1,0.43000000000000005
0,0,1,0,1,0,1,1,0,0,0,0.46923076923076923
0,0,1,0,1,0,1,1,0,0,1,0.4423076923076923
0,0,1,0,1,0,1,1,0,1,0,0.43153846153846154
0,0,1,0,1,0,1,1,0,1,1,0.433076923076923
0,0,1,0,1,0,1,1,1,0,0,0.4423076923076923
0,0,1,0,1,0,1,1,1,0,1,0.4438461538461539
0,0,1,0,1,0,1,1,1,1,0,0.42307692307692313
0,0,1,0,1,0,1,1,1,1,1,0.43538461538461537
0,0,1,0,1,1,0,0,0,0,0,0.4769230769230769
0,0,1,0,1,1,0,0,0,0,1,0.43692307692307697
0,0,1,0,1,1,0,0,0,1,0,0.47461538461538466
0,0,1,0,1,1,0,0,0,1,1,0.42307692307692313
0,0,1,0,1,1,0,0,1,0,0,0.4553846153846154
0,0,1,0,1,1,0,0,1,0,1,0.4307692307692308
0,0,1,0,1,1,0,0,1,1,0,0.4438461538461539
0,0,1,0,1,1,0,0,1,1,1,0.4115384615384615
0,0,1,0,1,1,0,1,0,0,0,0.47
0,0,1,0,1,1,0,1,0,0,1,0.4292307692307692
0,0,1,0,1,1,0,1,0,1,0,0.4523076923076923
0,0,1,0,1,1,0,1,0,1,1,0.4076923076923077
0,0,1,0,1,1,0,1,1,0,0,0.44153846153846155
0,0,1,0,1,1,0,1,1,0,1,0.4323076923076923
0,0,1,0,1,1,0,1,1,1,0,0.4492307692307692
0,0,1,0,1,1,0,1,1,1,1,0.4115384615384615
0,0,1,0,1,1,1,0,0,0,0,0.46769230769230774
0,0,1,0,1,1,1,0,0,0,1,0.42153846153846153
0,0,1,0,1,1,1,0,0,1,0,0.46153846153846156
0,0,1,0,1,1,1,0,0,1,1,0.4238461538461539
0,0,1,0,1,1,1,0,1,0,0,0.4476923076923077
0,0,1,0,1,1,1,0,1,0,1,0.4192307692307692
0,0,1,0,1,1,1,0,1,1,0,0.45153846153846156
0,0,1,0,1,1,1,0,1,1,1,0.39384615384615385
0,0,1,0,1,1,1,1,0,0,0,0.4492307692307692
0,0,1,0,1,1,1,1,0,0,1,0.42538461538461536
0,0,1,0,1,1,1,1,0,1,0,0.4338461538461539
0,0,1,0,1,1,1,1,0,1,1,0.41230769230769226
0,0,1,0,1,1,1,1,1,0,0,0.4346153846153846
0,0,1,0,1,1,1,1,1,0,1,0.4223076923076923
0,0,1,0,1,1,1,1,1,1,0,0.4246153846153846
0,0,1,0,1,1,1,1,1,1,1,0.4176923076923077
0,0,1,1,0,0,0,0,0,0,0,0.5153846153846153
0,0,1,1,0,0,0,0,0,0,1,0.4607692307692308
0,0,1,1,0,0,0,0,0,1,0,0.49461538461538457
0,0,1,1,0,0,0,0,0,1,1,0.4461538461538461
0,0,1,1,0,0,0,0,1,0,0,0.49461538461538457
0,0,1,1,0,0,0,0,1,0,1,0.44999999999999996
0,0,1,1,0,0,0,0,1,1,0,0.48769230769230765
0,0,1,1,0,0,0,0,1,1,1,0.4338461538461539
0,0,1,1,0,0,0,1,0,0,0,0.4784615384615385
0,0,1,1,0,0,0,1,0,0,1,0.44461538461538463
0,0,1,1,0,0,0,1,0,1,0,0.4584615384615385
0,0,1,1,0,0,0,1,0,1,1,0.4346153846153846
0,0,1,1,0,0,0,1,1,0,0,0.47
0,0,1,1,0,0,0,1,1,0,1,0.4523076923076923
0,0,1,1,0,0,0,1,1,1,0,0.4346153846153846
0,0,1,1,0,0,0,1,1,1,1,0.4307692307692308
0,0,1,1,0,0,1,0,0,0,0,0.5038461538461538
0,0,1,1,0,0,1,0,0,0,1,0.4492307692307692
0,0,1,1,0,0,1,0,0,1,0,0.49769230769230766
0,0,1,1,0,0,1,0,0,1,1,0.43846153846153846
0,0,1,1,0,0,1,0,1,0,0,0.4869230769230769
0,0,1,1,0,0,1,0,1,0,1,0.44153846153846155
0,0,1,1,0,0,1,0,1,1,0,0.4930769230769231
0,0,1,1,0,0,1,0,1,1,1,0.42846153846153845
0,0,1,1,0,0,1,1,0,0,0,0.45769230769230773
0,0,1,1,0,0,1,1,0,0,1,0.4423076923076923
0,0,1,1,0,0,1,1,0,1,0,0.45615384615384613
0,0,1,1,0,0,1,1,0,1,1,0.4307692307692308
0,0,1,1,0,0,1,1,1,0,0,0.4623076923076923
0,0,1,1,0,0,1,1,1,0,1,0.4276923076923077
0,0,1,1,0,0,1,1,1,1,0,0.42000000000000004
0,0,1,1,0,0,1,1,1,1,1,0.4192307692307692
0,0,1,1,0,1,0,0,0,0,0,0.4984615384615385
0,0,1,1,0,1,0,0,0,0,1,0.44307692307692303
0,0,1,1,0,1,0,0,0,1,0,0.4684615384615385
0,0,1,1,0,1,0,0,0,1,1,0.4176923076923077
0,0,1,1,0,1,0,0,1,0,0,0.4753846153846154
0,0,1,1,0,1,0,0,1,0,1,0.4346153846153846
0,0,1,1,0,1,0,0,1,1,0,0.4807692307692307
0,0,1,1,0,1,0,0,1,1,1,0.41692307692307695
0,0,1,1,0,1,0,1,0,0,0,0.45769230769230773
0,0,1,1,0,1,0,1,0,0,1,0.42307692307692313
0,0,1,1,0,1,0,1,0,1,0,0.4292307692307692
0,0,1,1,0,1,0,1,0,1,1,0.41692307692307695
0,0,1,1,0,1,0,1,1,0,0,0.4523076923076923
0,0,1,1,0,1,0,1,1,0,1,0.4323076923076923
0,0,1,1,0,1,0,1,1,1,0,0.4238461538461539
0,0,1,1,0,1,0,1,1,1,1,0.4061538461538462
0,0,1,1,0,1,1,0,0,0,0,0.4953846153846154
0,0,1,1,0,1,1,0,0,0,1,0.4338461538461539
0,0,1,1,0,1,1,0,0,1,0,0.4769230769230769
0,0,1,1,0,1,1,0,0,1,1,0.40846153846153843
0,0,1,1,0,1,1,0,1,0,0,0.4623076923076923
0,0,1,1,0,1,1,0,1,0,1,0.42153846153846153
0,0,1,1,0,1,1,0,1,1,0,0.4715384615384616
0,0,1,1,0,1,1,0,1,1,1,0.41230769230769226
0,0,1,1,0,1,1,1,0,0,0,0.446923076923077
0,0,1,1,0,1,1,1,0,0,1,0.42538461538461536
0,0,1,1,0,1,1,1,0,1,0,0.42538461538461536
0,0,1,1,0,1,1,1,0,1,1,0.40692307692307694
0,0,1,1,0,1,1,1,1,0,0,0.43846153846153846
0,0,1,1,0,1,1,1,1,0,1,0.433076923076923
0,0,1,1,0,1,1,1,1,1,0,0.42538461538461536
0,0,1,1,0,1,1,1,1,1,1,0.41000000000000003
0,0,1,1,1,0,0,0,0,0,0,0.48461538461538467
0,0,1,1,1,0,0,0,0,0,1,0.44307692307692303
0,0,1,1,1,0,0,0,0,1,0,0.49769230769230766
0,0,1,1,1,0,0,0,0,1,1,0.43846153846153846
0,0,1,1,1,0,0,0,1,0,0,0.48461538461538467
0,0,1,1,1,0,0,0,1,0,1,0.42846153846153845
0,0,1,1,1,0,0,0,1,1,0,0.4669230769230769
0,0,1,1,1,0,0,0,1,1,1,0.43846153846153846
0,0,1,1,1,0,0,1,0,0,0,0.4853846153846154
0,0,1,1,1,0,0,1,0,0,1,0.43538461538461537
0,0,1,1,1,0,0,1,0,1,0,0.4507692307692308
0,0,1,1,1,0,0,1,0,1,1,0.42846153846153845
0,0,1,1,1,0,0,1,1,0,0,0.46153846153846156
0,0,1,1,1,0,0,1,1,0,1,0.433076923076923
0,0,1,1,1,0,0,1,1,1,0,0.44461538461538463
0,0,1,1,1,0,0,1,1,1,1,0.42000000000000004
0,0,1,1,1,0,1,0,0,0,0,0.4669230769230769
0,0,1,1,1,0,1,0,0,0,1,0.4346153846153846
0,0,1,1,1,0,1,0,0,1,0,0.4723076923076923
0,0,1,1,1,0,1,0,0,1,1,0.40692307692307694
0,0,1,1,1,0,1,0,1,0,0,0.45307692307692304
0,0,1,1,1,0,1,0,1,0,1,0.43692307692307697
0,0,1,1,1,0,1,0,1,1,0,0.4423076923076923
0,0,1,1,1,0,1,0,1,1,1,0.42307692307692313
0,0,1,1,1,0,1,1,0,0,0,0.4653846153846154
0,0,1,1,1,0,1,1,0,0,1,0.4423076923076923
0,0,1,1,1,0,1,1,0,1,0,0.43692307692307697
0,0,1,1,1,0,1,1,0,1,1,0.4176923076923077
0,0,1,1,1,0,1,1,1,0,0,0.46307692307692305
0,0,1,1,1,0,1,1,1,0,1,0.433076923076923
0,0,1,1,1,0,1,1,1,1,0,0.41846153846153844
0,0,1,1,1,0,1,1,1,1,1,0.42538461538461536
0,0,1,1,1,1,0,0,0,0,0,0.46461538461538465
0,0,1,1,1,1,0,0,0,0,1,0.4261538461538461
0,0,1,1,1,1,0,0,0,1,0,0.4538461538461539
0,0,1,1,1,1,0,0,0,1,1,0.41230769230769226
0,0,1,1,1,1,0,0,1,0,0,0.45461538461538464
0,0,1,1,1,1,0,0,1,0,1,0.4192307692307692
0,0,1,1,1,1,0,0,1,1,0,0.45153846153846156
0,0,1,1,1,1,0,0,1,1,1,0.4107692307692308
0,0,1,1,1,1,0,1,0,0,0,0.4507692307692308
0,0,1,1,1,1,0,1,0,0,1,0.42538461538461536
0,0,1,1,1,1,0,1,0,1,0,0.4346153846153846
0,0,1,1,1,1,0,1,0,1,1,0.40230769230769226
0,0,1,1,1,1,0,1,1,0,0,0.42846153846153845
0,0,1,1,1,1,0,1,1,0,1,0.40846153846153843
0,0,1,1,1,1,0,1,1,1,0,0.42692307692307696
0,0,1,1,1,1,0,1,1,1,1,0.3930769230769231
0,0,1,1,1,1,1,0,0,0,0,0.45153846153846156
0,0,1,1,1,1,1,0,0,0,1,0.4176923076923077
0,0,1,1,1,1,1,0,0,1,0,0.4292307692307692
0,0,1,1,1,1,1,0,0,1,1,0.4092307692307692
0,0,1,1,1,1,1,0,1,0,0,0.4307692307692308
0,0,1,1,1,1,1,0,1,0,1,0.40538461538461534
0,0,1,1,1,1,1,0,1,1,0,0.42538461538461536
0,0,1,1,1,1,1,0,1,1,1,0.41230769230769226
0,0,1,1,1,1,1,1,0,0,0,0.4461538461538461
0,0,1,1,1,1,1,1,0,0,1,0.4192307692307692
0,0,1,1,1,1,1,1,0,1,0,0.42000000000000004
0,0,1,1,1,1,1,1,0,1,1,0.4046153846153846
0,0,1,1,1,1,1,1,1,0,0,0.4238461538461539
0,0,1,1,1,1,1,1,1,0,1,0.41846153846153844
0,0,1,1,1,1,1,1,1,1,0,0.4146153846153846
0,0,1,1,1,1,1,1,1,1,1,0.40692307692307694
0,1,0,0,0,0,0,0,0,0,0,0.5184615384615385
0,1,0,0,0,0,0,0,0,0,1,0.4438461538461539
0,1,0,0,0,0,0,0,0,1,0,0.5
0,1,0,0,0,0,0,0,0,1,1,0.4292307692307692
0,1,0,0,0,0,0,0,1,0,0,0.49615384615384617
0,1,0,0,0,0,0,0,1,0,1,0.4292307692307692
0,1,0,0,0,0,0,0,1,1,0,0.4784615384615385
0,1,0,0,0,0,0,0,1,1,1,0.42692307692307696
0,1,0,0,0,0,0,1,0,0,0,0.4753846153846154
0,1,0,0,0,0,0,1,0,0,1,0.43153846153846154
0,1,0,0,0,0,0,1,0,1,0,0.4492307692307692
0,1,0,0,0,0,0,1,0,1,1,0.43000000000000005
0,1,0,0,0,0,0,1,1,0,0,0.48307692307692307
0,1,0,0,0,0,0,1,1,0,1,0.4292307692307692
0,1,0,0,0,0,0,1,1,1,0,0.4623076923076923
0,1,0,0,0,0,0,1,1,1,1,0.4192307692307692
0,1,0,0,0,0,1,0,0,0,0,0.47923076923076924
0,1,0,0,0,0,1,0,0,0,1,0.4246153846153846
0,1,0,0,0,0,1,0,0,1,0,0.4707692307692307
0,1,0,0,0,0,1,0,0,1,1,0.4246153846153846
0,1,0,0,0,0,1,0,1,0,0,0.47615384615384615
0,1,0,0,0,0,1,0,1,0,1,0.4238461538461539
0,1,0,0,0,0,1,0,1,1,0,0.46461538461538465
0,1,0,0,0,0,1,0,1,1,1,0.4207692307692308
0,1,0,0,0,0,1,1,0,0,0,0.4623076923076923
0,1,0,0,0,0,1,1,0,0,1,0.4176923076923077
0,1,0,0,0,0,1,1,0,1,0,0.4461538461538461
0,1,0,0,0,0,1,1,0,1,1,0.4161538461538462
0,1,0,0,0,0,1,1,1,0,0,0.4523076923076923
0,1,0,0,0,0,1,1,1,0,1,0.4246153846153846
0,1,0,0,0,0,1,1,1,1,0,0.4476923076923077
0,1,0,0,0,0,1,1,1,1,1,0.42000000000000004
0,1,0,0,0,1,0,0,0,0,0,0.5038461538461538
0,1,0,0,0,1,0,0,0,0,1,0.43999999999999995
0,1,0,0,0,1,0,0,0,1,0,0.4769230769230769
0,1,0,0,0,1,0,0,0,1,1,0.4146153846153846
0,1,0,0,0,1,0,0,1,0,0,0.4938461538461538
0,1,0,0,0,1,0,0,1,0,1,0.4438461538461539
0,1,0,0,0,1,0,0,1,1,0,0.4723076923076923
0,1,0,0,0,1,0,0,1,1,1,0.4238461538461539
0,1,0,0,0,1,0,1,0,0,0,0.4738461538461538
0,1,0,0,0,1,0,1,0,0,1,0.42153846153846153
0,1,0,0,0,1,0,1,0,1,0,0.4407692307692308
0,1,0,0,0,1,0,1,0,1,1,0.4115384615384615
0,1,0,0,0,1,0,1,1,0,0,0.45769230769230773
0,1,0,0,0,1,0,1,1,0,1,0.41692307692307695
0,1,0,0,0,1,0,1,1,1,0,0.43846153846153846
0,1,0,0,0,1,0,1,1,1,1,0.4107692307692308
0,1,0,0,0,1,1,0,0,0,0,0.47769230769230764
0,1,0,0,0,1,1,0,0,0,1,0.41846153846153844
0,1,0,0,0,1,1,0,0,1,0,0.45461538461538464
0,1,0,0,0,1,1,0,0,1,1,0.4176923076923077
0,1,0,0,0,1,1,0,1,0,0,0.48
0,1,0,0,0,1,1,0,1,0,1,0.4276923076923077
0,1,0,0,0,1,1,0,1,1,0,0.4507692307692308
0,1,0,0,0,1,1,0,1,1,1,0.42538461538461536
0,1,0,0,0,1,1,1,0,0,0,0.4653846153846154
0,1,0,0,0,1,1,1,0,0,1,0.4176923076923077
0,1,0,0,0,1,1,1,0,1,0,0.4392307692307692
0,1,0,0,0,1,1,1,0,1,1,0.41000000000000003
0,1,0,0,0,1,1,1,1,0,0,0.45615384615384613
0,1,0,0,0,1,1,1,1,0,1,0.42000000000000004
0,1,0,0,0,1,1,1,1,1,0,0.43692307692307697
0,1,0,0,0,1,1,1,1,1,1,0.4130769230769231
0,1,0,0,1,0,0,0,0,0,0,0.49769230769230766
0,1,0,0,1,0,0,0,0,0,1,0.4276923076923077
0,1,0,0,1,0,0,0,0,1,0,0.47769230769230764
0,1,0,0,1,0,0,0,0,1,1,0.43153846153846154
0,1,0,0,1,0,0,0,1,0,0,0.48307692307692307
0,1,0,0,1,0,0,0,1,0,1,0.433076923076923
0,1,0,0,1,0,0,0,1,1,0,0.4669230769230769
0,1,0,0,1,0,0,0,1,1,1,0.4292307692307692
0,1,0,0,1,0,0,1,0,0,0,0.4723076923076923
0,1,0,0,1,0,0,1,0,0,1,0.42692307692307696
0,1,0,0,1,0,0,1,0,1,0,0.45153846153846156
0,1,0,0,1,0,0,1,0,1,1,0.42846153846153845
0,1,0,0,1,0,0,1,1,0,0,0.4669230769230769
0,1,0,0,1,0,0,1,1,0,1,0.4261538461538461
0,1,0,0,1,0,0,1,1,1,0,0.4407692307692308
0,1,0,0,1,0,0,1,1,1,1,0.4261538461538461
0,1,0,0,1,0,1,0,0,0,0,0.46307692307692305
0,1,0,0,1,0,1,0,0,0,1,0.4246153846153846
0,1,0,0,1,0,1,0,0,1,0,0.45153846153846156
0,1,0,0,1,0,1,0,0,1,1,0.41846153846153844
0,1,0,0,1,0,1,0,1,0,0,0.4523076923076923
0,1,0,0,1,0,1,0,1,0,1,0.4346153846153846
0,1,0,0,1,0,1,0,1,1,0,0.4476923076923077
0,1,0,0,1,0,1,0,1,1,1,0.41384615384615386
0,1,0,0,1,0,1,1,0,0,0,0.433076923076923
0,1,0,0,1,0,1,1,0,0,1,0.42000000000000004
0,1,0,0,1,0,1,1,0,1,0,0.4307692307692308
0,1,0,0,1,0,1,1,0,1,1,0.4207692307692308
0,1,0,0,1,0,1,1,1,0,0,0.44846153846153847
0,1,0,0,1,0,1,1,1,0,1,0.4223076923076923
0,1,0,0,1,0,1,1,1,1,0,0.4361538461538461
0,1,0,0,1,0,1,1,1,1,1,0.4146153846153846
0,1,0,0,1,1,0,0,0,0,0,0.4669230769230769
0,1,0,0,1,1,0,0,0,0,1,0.4261538461538461
0,1,0,0,1,1,0,0,0,1,0,0.45999999999999996
0,1,0,0,1,1,0,0,0,1,1,0.4107692307692308
0,1,0,0,1,1,0,0,1,0,0,0.4638461538461538
0,1,0,0,1,1,0,0,1,0,1,0.4107692307692308
0,1,0,0,1,1,0,0,1,1,0,0.4261538461538461
0,1,0,0,1,1,0,0,1,1,1,0.4130769230769231
0,1,0,0,1,1,0,1,0,0,0,0.4584615384615385
0,1,0,0,1,1,0,1,0,0,1,0.41538461538461535
0,1,0,0,1,1,0,1,0,1,0,0.44307692307692303
0,1,0,0,1,1,0,1,0,1,1,0.42000000000000004
0,1,0,0,1,1,0,1,1,0,0,0.4607692307692308
0,1,0,0,1,1,0,1,1,0,1,0.42153846153846153
0,1,0,0,1,1,0,1,1,1,0,0.42692307692307696
0,1,0,0,1,1,0,1,1,1,1,0.4061538461538462
0,1,0,0,1,1,1,0,0,0,0,0.446923076923077
0,1,0,0,1,1,1,0,0,0,1,0.3992307692307693
0,1,0,0,1,1,1,0,0,1,0,0.4423076923076923
0,1,0,0,1,1,1,0,0,1,1,0.4130769230769231
0,1,0,0,1,1,1,0,1,0,0,0.4392307692307692
0,1,0,0,1,1,1,0,1,0,1,0.4076923076923077
0,1,0,0,1,1,1,0,1,1,0,0.433076923076923
0,1,0,0,1,1,1,0,1,1,1,0.4161538461538462
0,1,0,0,1,1,1,1,0,0,0,0.446923076923077
0,1,0,0,1,1,1,1,0,0,1,0.4292307692307692
0,1,0,0,1,1,1,1,0,1,0,0.4292307692307692
0,1,0,0,1,1,1,1,0,1,1,0.4092307692307692
0,1,0,0,1,1,1,1,1,0,0,0.433076923076923
0,1,0,0,1,1,1,1,1,0,1,0.4161538461538462
0,1,0,0,1,1,1,1,1,1,0,0.4176923076923077
0,1,0,0,1,1,1,1,1,1,1,0.40538461538461534
0,1,0,1,0,0,0,0,0,0,0,0.48615384615384616
0,1,0,1,0,0,0,0,0,0,1,0.4261538461538461
0,1,0,1,0,0,0,0,0,1,0,0.49
0,1,0,1,0,0,0,0,0,1,1,0.4261538461538461
0,1,0,1,0,0,0,0,1,0,0,0.4838461538461538
0,1,0,1,0,0,0,0,1,0,1,0.42000000000000004
0,1,0,1,0,0,0,0,1,1,0,0.4815384615384616
0,1,0,1,0,0,0,0,1,1,1,0.41846153846153844
0,1,0,1,0,0,0,1,0,0,0,0.45461538461538464
0,1,0,1,0,0,0,1,0,0,1,0.4192307692307692
0,1,0,1,0,0,0,1,0,1,0,0.43153846153846154
0,1,0,1,0,0,0,1,0,1,1,0.4107692307692308
0,1,0,1,0,0,0,1,1,0,0,0.4453846153846154
0,1,0,1,0,0,0,1,1,0,1,0.40846153846153843
0,1,0,1,0,0,0,1,1,1,0,0.43999999999999995
0,1,0,1,0,0,0,1,1,1,1,0.41230769230769226
0,1,0,1,0,0,1,0,0,0,0,0.4707692307692307
0,1,0,1,0,0,1,0,0,0,1,0.4307692307692308
0,1,0,1,0,0,1,0,0,1,0,0.45307692307692304
0,1,0,1,0,0,1,0,0,1,1,0.4161538461538462
0,1,0,1,0,0,1,0,1,0,0,0.4723076923076923
0,1,0,1,0,0,1,0,1,0,1,0.4276923076923077
0,1,0,1,0,0,1,0,1,1,0,0.4538461538461539
0,1,0,1,0,0,1,0,1,1,1,0.4161538461538462
0,1,0,1,0,0,1,1,0,0,0,0.4338461538461539
0,1,0,1,0,0,1,1,0,0,1,0.42153846153846153
0,1,0,1,0,0,1,1,0,1,0,0.42000000000000004
0,1,0,1,0,0,1,1,0,1,1,0.4130769230769231
0,1,0,1,0,0,1,1,1,0,0,0.42538461538461536
0,1,0,1,0,0,1,1,1,0,1,0.40692307692307694
0,1,0,1,0,0,1,1,1,1,0,0.4223076923076923
0,1,0,1,0,0,1,1,1,1,1,0.41384615384615386
0,1,0,1,0,1,0,0,0,0,0,0.46923076923076923
0,1,0,1,0,1,0,0,0,0,1,0.4207692307692308
0,1,0,1,0,1,0,0,0,1,0,0.46615384615384614
0,1,0,1,0,1,0,0,0,1,1,0.40846153846153843
0,1,0,1,0,1,0,0,1,0,0,0.4584615384615385
0,1,0,1,0,1,0,0,1,0,1,0.4146153846153846
0,1,0,1,0,1,0,0,1,1,0,0.4723076923076923
0,1,0,1,0,1,0,0,1,1,1,0.41538461538461535
0,1,0,1,0,1,0,1,0,0,0,0.4453846153846154
0,1,0,1,0,1,0,1,0,0,1,0.41538461538461535
0,1,0,1,0,1,0,1,0,1,0,0.42538461538461536
0,1,0,1,0,1,0,1,0,1,1,0.41538461538461535
0,1,0,1,0,1,0,1,1,0,0,0.44461538461538463
0,1,0,1,0,1,0,1,1,0,1,0.40692307692307694
0,1,0,1,0,1,0,1,1,1,0,0.42000000000000004
0,1,0,1,0,1,0,1,1,1,1,0.4030769230769231
0,1,0,1,0,1,1,0,0,0,0,0.4592307692307692
0,1,0,1,0,1,1,0,0,0,1,0.42307692307692313
0,1,0,1,0,1,1,0,0,1,0,0.44846153846153847
0,1,0,1,0,1,1,0,0,1,1,0.40538461538461534
0,1,0,1,0,1,1,0,1,0,0,0.4653846153846154
0,1,0,1,0,1,1,0,1,0,1,0.40846153846153843
0,1,0,1,0,1,1,0,1,1,0,0.4461538461538461
0,1,0,1,0,1,1,0,1,1,1,0.39230769230769236
0,1,0,1,0,1,1,1,0,0,0,0.42538461538461536
0,1,0,1,0,1,1,1,0,0,1,0.41538461538461535
0,1,0,1,0,1,1,1,0,1,0,0.4161538461538462
0,1,0,1,0,1,1,1,0,1,1,0.39538461538461533
0,1,0,1,0,1,1,1,1,0,0,0.41384615384615386
0,1,0,1,0,1,1,1,1,0,1,0.39538461538461533
0,1,0,1,0,1,1,1,1,1,0,0.4176923076923077
0,1,0,1,0,1,1,1,1,1,1,0.40692307692307694
0,1,0,1,1,0,0,0,0,0,0,0.4669230769230769
0,1,0,1,1,0,0,0,0,0,1,0.4307692307692308
0,1,0,1,1,0,0,0,0,1,0,0.45769230769230773
0,1,0,1,1,0,0,0,0,1,1,0.41384615384615386
0,1,0,1,1,0,0,0,1,0,0,0.4538461538461539
0,1,0,1,1,0,0,0,1,0,1,0.4192307692307692
0,1,0,1,1,0,0,0,1,1,0,0.4553846153846154
0,1,0,1,1,0,0,0,1,1,1,0.41538461538461535
0,1,0,1,1,0,0,1,0,0,0,0.45999999999999996
0,1,0,1,1,0,0,1,0,0,1,0.4115384615384615
0,1,0,1,1,0,0,1,0,1,0,0.42153846153846153
0,1,0,1,1,0,0,1,0,1,1,0.41692307692307695
0,1,0,1,1,0,0,1,1,0,0,0.43153846153846154
0,1,0,1,1,0,0,1,1,0,1,0.4115384615384615
0,1,0,1,1,0,0,1,1,1,0,0.41846153846153844
0,1,0,1,1,0,0,1,1,1,1,0.4107692307692308
0,1,0,1,1,0,1,0,0,0,0,0.4438461538461539
0,1,0,1,1,0,1,0,0,0,1,0.43000000000000005
0,1,0,1,1,0,1,0,0,1,0,0.4507692307692308
0,1,0,1,1,0,1,0,0,1,1,0.42000000000000004
0,1,0,1,1,0,1,0,1,0,0,0.43538461538461537
0,1,0,1,1,0,1,0,1,0,1,0.4146153846153846
0,1,0,1,1,0,1,0,1,1,0,0.4392307692307692
0,1,0,1,1,0,1,0,1,1,1,0.41846153846153844
0,1,0,1,1,0,1,1,0,0,0,0.43153846153846154
0,1,0,1,1,0,1,1,0,0,1,0.41384615384615386
0,1,0,1,1,0,1,1,0,1,0,0.4223076923076923
0,1,0,1,1,0,1,1,0,1,1,0.4061538461538462
0,1,0,1,1,0,1,1,1,0,0,0.42538461538461536
0,1,0,1,1,0,1,1,1,0,1,0.4061538461538462
0,1,0,1,1,0,1,1,1,1,0,0.40538461538461534
0,1,0,1,1,0,1,1,1,1,1,0.4030769230769231
0,1,0,1,1,1,0,0,0,0,0,0.45307692307692304
0,1,0,1,1,1,0,0,0,0,1,0.4161538461538462
0,1,0,1,1,1,0,0,0,1,0,0.44999999999999996
0,1,0,1,1,1,0,0,0,1,1,0.4146153846153846
0,1,0,1,1,1,0,0,1,0,0,0.4438461538461539
0,1,0,1,1,1,0,0,1,0,1,0.4176923076923077
0,1,0,1,1,1,0,0,1,1,0,0.43153846153846154
0,1,0,1,1,1,0,0,1,1,1,0.41538461538461535
0,1,0,1,1,1,0,1,0,0,0,0.44461538461538463
0,1,0,1,1,1,0,1,0,0,1,0.41846153846153844
0,1,0,1,1,1,0,1,0,1,0,0.4192307692307692
0,1,0,1,1,1,0,1,0,1,1,0.4130769230769231
0,1,0,1,1,1,0,1,1,0,0,0.43846153846153846
0,1,0,1,1,1,0,1,1,0,1,0.40538461538461534
0,1,0,1,1,1,0,1,1,1,0,0.4130769230769231
0,1,0,1,1,1,0,1,1,1,1,0.4046153846153846
0,1,0,1,1,1,1,0,0,0,0,0.4207692307692308
0,1,0,1,1,1,1,0,0,0,1,0.4092307692307692
0,1,0,1,1,1,1,0,0,1,0,0.4261538461538461
0,1,0,1,1,1,1,0,0,1,1,0.41000000000000003
0,1,0,1,1,1,1,0,1,0,0,0.42538461538461536
0,1,0,1,1,1,1,0,1,0,1,0.4092307692307692
0,1,0,1,1,1,1,0,1,1,0,0.4323076923076923
0,1,0,1,1,1,1,0,1,1,1,0.3992307692307693
0,1,0,1,1,1,1,1,0,0,0,0.42000000000000004
0,1,0,1,1,1,1,1,0,0,1,0.4146153846153846
0,1,0,1,1,1,1,1,0,1,0,0.40846153846153843
0,1,0,1,1,1,1,1,0,1,1,0.4046153846153846
0,1,0,1,1,1,1,1,1,0,0,0.4130769230769231
0,1,0,1,1,1,1,1,1,0,1,0.4
0,1,0,1,1,1,1,1,1,1,0,0.4046153846153846
0,1,0,1,1,1,1,1,1,1,1,0.4076923076923077
0,1,1,0,0,0,0,0,0,0,0,0.5
0,1,1,0,0,0,0,0,0,0,1,0.4361538461538461
0,1,1,0,0,0,0,0,0,1,0,0.48923076923076925
0,1,1,0,0,0,0,0,0,1,1,0.4392307692307692
0,1,1,0,0,0,0,0,1,0,0,0.49076923076923074
0,1,1,0,0,0,0,0,1,0,1,0.42692307692307696
0,1,1,0,0,0,0,0,1,1,0,0.48307692307692307
0,1,1,0,0,0,0,0,1,1,1,0.42000000000000004
0,1,1,0,0,0,0,1,0,0,0,0.47461538461538466
0,1,1,0,0,0,0,1,0,0,1,0.4376923076923077
0,1,1,0,0,0,0,1,0,1,0,0.44461538461538463
0,1,1,0,0,0,0,1,0,1,1,0.4276923076923077
0,1,1,0,0,0,0,1,1,0,0,0.4523076923076923
0,1,1,0,0,0,0,1,1,0,1,0.41384615384615386
0,1,1,0,0,0,0,1,1,1,0,0.4492307692307692
0,1,1,0,0,0,0,1,1,1,1,0.42153846153846153
0,1,1,0,0,0,1,0,0,0,0,0.4753846153846154
0,1,1,0,0,0,1,0,0,0,1,0.43846153846153846
0,1,1,0,0,0,1,0,0,1,0,0.49
0,1,1,0,0,0,1,0,0,1,1,0.4207692307692308
0,1,1,0,0,0,1,0,1,0,0,0.4707692307692307
0,1,1,0,0,0,1,0,1,0,1,0.433076923076923
0,1,1,0,0,0,1,0,1,1,0,0.4523076923076923
0,1,1,0,0,0,1,0,1,1,1,0.42538461538461536
0,1,1,0,0,0,1,1,0,0,0,0.4607692307692308
0,1,1,0,0,0,1,1,0,0,1,0.4338461538461539
0,1,1,0,0,0,1,1,0,1,0,0.4507692307692308
0,1,1,0,0,0,1,1,0,1,1,0.41538461538461535
0,1,1,0,0,0,1,1,1,0,0,0.4476923076923077
0,1,1,0,0,0,1,1,1,0,1,0.4207692307692308
0,1,1,0,0,0,1,1,1,1,0,0.43000000000000005
0,1,1,0,0,0,1,1,1,1,1,0.41384615384615386
0,1,1,0,0,1,0,0,0,0,0,0.48923076923076925
0,1,1,0,0,1,0,0,0,0,1,0.4346153846153846
0,1,1,0,0,1,0,0,0,1,0,0.4784615384615385
0,1,1,0,0,1,0,0,0,1,1,0.4223076923076923
0,1,1,0,0,1,0,0,1,0,0,0.47923076923076924
0,1,1,0,0,1,0,0,1,0,1,0.42153846153846153
0,1,1,0,0,1,0,0,1,1,0,0.45999999999999996
0,1,1,0,0,1,0,0,1,1,1,0.41538461538461535
0,1,1,0,0,1,0,1,0,0,0,0.4553846153846154
0,1,1,0,0,1,0,1,0,0,1,0.4076923076923077
0,1,1,0,0,1,0,1,0,1,0,0.4453846153846154
0,1,1,0,0,1,0,1,0,1,1,0.42307692307692313
0,1,1,0,0,1,0,1,1,0,0,0.4538461538461539
0,1,1,0,0,1,0,1,1,0,1,0.4076923076923077
0,1,1,0,0,1,0,1,1,1,0,0.4238461538461539
0,1,1,0,0,1,0,1,1,1,1,0.4130769230769231
0,1,1,0,0,1,1,0,0,0,0,0.47307692307692306
0,1,1,0,0,1,1,0,0,0,1,0.42153846153846153
0,1,1,0,0,1,1,0,0,1,0,0.46615384615384614
0,1,1,0,0,1,1,0,0,1,1,0.41692307692307695
0,1,1,0,0,1,1,0,1,0,0,0.4592307692307692
0,1,1,0,0,1,1,0,1,0,1,0.42846153846153845
0,1,1,0,0,1,1,0,1,1,0,0.45615384615384613
0,1,1,0,0,1,1,0,1,1,1,0.41538461538461535
0,1,1,0,0,1,1,1,0,0,0,0.44999999999999996
0,1,1,0,0,1,1,1,0,0,1,0.41538461538461535
0,1,1,0,0,1,1,1,0,1,0,0.433076923076923
0,1,1,0,0,1,1,1,0,1,1,0.4146153846153846
0,1,1,0,0,1,1,1,1,0,0,0.42307692307692313
0,1,1,0,0,1,1,1,1,0,1,0.4115384615384615
0,1,1,0,0,1,1,1,1,1,0,0.4107692307692308
0,1,1,0,0,1,1,1,1,1,1,0.3992307692307693
0,1,1,0,1,0,0,0,0,0,0,0.4707692307692307
0,1,1,0,1,0,0,0,0,0,1,0.43692307692307697
0,1,1,0,1,0,0,0,0,1,0,0.4669230769230769
0,1,1,0,1,0,0,0,0,1,1,0.42307692307692313
0,1,1,0,1,0,0,0,1,0,0,0.4669230769230769
0,1,1,0,1,0,0,0,1,0,1,0.41384615384615386
0,1,1,0,1,0,0,0,1,1,0,0.45615384615384613
0,1,1,0,1,0,0,0,1,1,1,0.4223076923076923
0,1,1,0,1,0,0,1,0,0,0,0.45615384615384613
0,1,1,0,1,0,0,1,0,0,1,0.42846153846153845
0,1,1,0,1,0,0,1,0,1,0,0.4507692307692308
0,1,1,0,1,0,0,1,0,1,1,0.4276923076923077
0,1,1,0,1,0,0,1,1,0,0,0.4523076923076923
0,1,1,0,1,0,0,1,1,0,1,0.41538461538461535
0,1,1,0,1,0,0,1,1,1,0,0.4323076923076923
0,1,1,0,1,0,0,1,1,1,1,0.4261538461538461
0,1,1,0,1,0,1,0,0,0,0,0.4538461538461539
0,1,1,0,1,0,1,0,0,0,1,0.42692307692307696
0,1,1,0,1,0,1,0,0,1,0,0.4507692307692308
0,1,1,0,1,0,1,0,0,1,1,0.41846153846153844
0,1,1,0,1,0,1,0,1,0,0,0.45769230769230773
0,1,1,0,1,0,1,0,1,0,1,0.42307692307692313
0,1,1,0,1,0,1,0,1,1,0,0.4453846153846154
0,1,1,0,1,0,1,0,1,1,1,0.4146153846153846
0,1,1,0,1,0,1,1,0,0,0,0.43153846153846154
0,1,1,0,1,0,1,1,0,0,1,0.4238461538461539
0,1,1,0,1,0,1,1,0,1,0,0.43692307692307697
0,1,1,0,1,0,1,1,0,1,1,0.40846153846153843
0,1,1,0,1,0,1,1,1,0,0,0.4338461538461539
0,1,1,0,1,0,1,1,1,0,1,0.42153846153846153
0,1,1,0,1,0,1,1,1,1,0,0.42307692307692313
0,1,1,0,1,0,1,1,1,1,1,0.4192307692307692
0,1,1,0,1,1,0,0,0,0,0,0.45461538461538464
0,1,1,0,1,1,0,0,0,0,1,0.42538461538461536
0,1,1,0,1,1,0,0,0,1,0,0.45307692307692304
0,1,1,0,1,1,0,0,0,1,1,0.4146153846153846
0,1,1,0,1,1,0,0,1,0,0,0.4438461538461539
0,1,1,0,1,1,0,0,1,0,1,0.4176923076923077
0,1,1,0,1,1,0,0,1,1,0,0.4423076923076923
0,1,1,0,1,1,0,0,1,1,1,0.4115384615384615
0,1,1,0,1,1,0,1,0,0,0,0.4538461538461539
0,1,1,0,1,1,0,1,0,0,1,0.41538461538461535
0,1,1,0,1,1,0,1,0,1,0,0.4323076923076923
0,1,1,0,1,1,0,1,0,1,1,0.40538461538461534
0,1,1,0,1,1,0,1,1,0,0,0.4407692307692308
0,1,1,0,1,1,0,1,1,0,1,0.4046153846153846
0,1,1,0,1,1,0,1,1,1,0,0.41846153846153844
0,1,1,0,1,1,0,1,1,1,1,0.40230769230769226
0,1,1,0,1,1,1,0,0,0,0,0.43538461538461537
0,1,1,0,1,1,1,0,0,0,1,0.42153846153846153
0,1,1,0,1,1,1,0,0,1,0,0.44461538461538463
0,1,1,0,1,1,1,0,0,1,1,0.4076923076923077
0,1,1,0,1,1,1,0,1,0,0,0.42307692307692313
0,1,1,0,1,1,1,0,1,0,1,0.4092307692307692
0,1,1,0,1,1,1,0,1,1,0,0.4246153846153846
0,1,1,0,1,1,1,0,1,1,1,0.40692307692307694
0,1,1,0,1,1,1,1,0,0,0,0.4392307692307692
0,1,1,0,1,1,1,1,0,0,1,0.41230769230769226
0,1,1,0,1,1,1,1,0,1,0,0.4307692307692308
0,1,1,0,1,1,1,1,0,1,1,0.40692307692307694
0,1,1,0,1,1,1,1,1,0,0,0.4207692307692308
0,1,1,0,1,1,1,1,1,0,1,0.4092307692307692
0,1,1,0,1,1,1,1,1,1,0,0.41384615384615386
0,1,1,0,1,1,1,1,1,1,1,0.3976923076923077
0,1,1,1,0,0,0,0,0,0,0,0.46769230769230774
0,1,1,1,0,0,0,0,0,0,1,0.4238461538461539
0,1,1,1,0,0,0,0,0,1,0,0.46615384615384614
0,1,1,1,0,0,0,0,0,1,1,0.42846153846153845
0,1,1,1,0,0,0,0,1,0,0,0.4538461538461539
0,1,1,1,0,0,0,0,1,0,1,0.4192307692307692
0,1,1,1,0,0,0,0,1,1,0,0.45153846153846156
0,1,1,1,0,0,0,0,1,1,1,0.4092307692307692
0,1,1,1,0,0,0,1,0,0,0,0.4338461538461539
0,1,1,1,0,0,0,1,0,0,1,0.4261538461538461
0,1,1,1,0,0,0,1,0,1,0,0.4276923076923077
0,1,1,1,0,0,0,1,0,1,1,0.42000000000000004
0,1,1,1,0,0,0,1,1,0,0,0.43692307692307697
0,1,1,1,0,0,0,1,1,0,1,0.42000000000000004
0,1,1,1,0,0,0,1,1,1,0,0.42538461538461536
0,1,1,1,0,0,0,1,1,1,1,0.4130769230769231
0,1,1,1,0,0,1,0,0,0,0,0.4507692307692308
0,1,1,1,0,0,1,0,0,0,1,0.42538461538461536
0,1,1,1,0,0,1,0,0,1,0,0.4538461538461539
0,1,1,1,0,0,1,0,0,1,1,0.40846153846153843
0,1,1,1,0,0,1,0,1,0,0,0.44153846153846155
0,1,1,1,0,0,1,0,1,0,1,0.41000000000000003
0,1,1,1,0,0,1,0,1,1,0,0.4538461538461539
0,1,1,1,0,0,1,0,1,1,1,0.4107692307692308
0,1,1,1,0,0,1,1,0,0,0,0.4346153846153846
0,1,1,1,0,0,1,1,0,0,1,0.42153846153846153
0,1,1,1,0,0,1,1,0,1,0,0.4130769230769231
0,1,1,1,0,0,1,1,0,1,1,0.41692307692307695
0,1,1,1,0,0,1,1,1,0,0,0.4223076923076923
0,1,1,1,0,0,1,1,1,0,1,0.40846153846153843
0,1,1,1,0,0,1,1,1,1,0,0.42000000000000004
0,1,1,1,0,0,1,1,1,1,1,0.4115384615384615
0,1,1,1,0,1,0,0,0,0,0,0.45461538461538464
0,1,1,1,0,1,0,0,0,0,1,0.42000000000000004
0,1,1,1,0,1,0,0,0,1,0,0.4623076923076923
0,1,1,1,0,1,0,0,0,1,1,0.4115384615384615
0,1,1,1,0,1,0,0,1,0,0,0.45615384615384613
0,1,1,1,0,1,0,0,1,0,1,0.4076923076923077
0,1,1,1,0,1,0,0,1,1,0,0.446923076923077
0,1,1,1,0,1,0,0,1,1,1,0.4107692307692308
0,1,1,1,0,1,0,1,0,0,0,0.446923076923077
0,1,1,1,0,1,0,1,0,0,1,0.40846153846153843
0,1,1,1,0,1,0,1,0,1,0,0.4146153846153846
0,1,1,1,0,1,0,1,0,1,1,0.40384615384615385
0,1,1,1,0,1,0,1,1,0,0,0.4361538461538461
0,1,1,1,0,1,0,1,1,0,1,0.4046153846153846
0,1,1,1,0,1,0,1,1,1,0,0.4130769230769231
0,1,1,1,0,1,0,1,1,1,1,0.39692307692307693
0,1,1,1,0,1,1,0,0,0,0,0.46153846153846156
0,1,1,1,0,1,1,0,0,0,1,0.4146153846153846
0,1,1,1,0,1,1,0,0,1,0,0.446923076923077
0,1,1,1,0,1,1,0,0,1,1,0.3930769230769231
0,1,1,1,0,1,1,0,1,0,0,0.4492307692307692
0,1,1,1,0,1,1,0,1,0,1,0.40846153846153843
0,1,1,1,0,1,1,0,1,1,0,0.45153846153846156
0,1,1,1,0,1,1,0,1,1,1,0.3930769230769231
0,1,1,1,0,1,1,1,0,0,0,0.43538461538461537
0,1,1,1,0,1,1,1,0,0,1,0.4107692307692308
0,1,1,1,0,1,1,1,0,1,0,0.4061538461538462
0,1,1,1,0,1,1,1,0,1,1,0.39692307692307693
0,1,1,1,0,1,1,1,1,0,0,0.4207692307692308
0,1,1,1,0,1,1,1,1,0,1,0.3976923076923077
0,1,1,1,0,1,1,1,1,1,0,0.4076923076923077
0,1,1,1,0,1,1,1,1,1,1,0.39538461538461533
0,1,1,1,1,0,0,0,0,0,0,0.45615384615384613
0,1,1,1,1,0,0,0,0,0,1,0.4246153846153846
0,1,1,1,1,0,0,0,0,1,0,0.46615384615384614
0,1,1,1,1,0,0,0,0,1,1,0.4246153846153846
0,1,1,1,1,0,0,0,1,0,0,0.4507692307692308
0,1,1,1,1,0,0,0,1,0,1,0.4176923076923077
0,1,1,1,1,0,0,0,1,1,0,0.44846153846153847
0,1,1,1,1,0,0,0,1,1,1,0.4130769230769231
0,1,1,1,1,0,0,1,0,0,0,0.44999999999999996
0,1,1,1,1,0,0,1,0,0,1,0.41384615384615386
0,1,1,1,1,0,0,1,0,1,0,0.446923076923077
0,1,1,1,1,0,0,1,0,1,1,0.43000000000000005
0,1,1,1,1,0,0,1,1,0,0,0.44307692307692303
0,1,1,1,1,0,0,1,1,0,1,0.4238461538461539
0,1,1,1,1,0,0,1,1,1,0,0.4161538461538462
0,1,1,1,1,0,0,1,1,1,1,0.42153846153846153
0,1,1,1,1,0,1,0,0,0,0,0.4261538461538461
0,1,1,1,1,0,1,0,0,0,1,0.42846153846153845
0,1,1,1,1,0,1,0,0,1,0,0.4376923076923077
0,1,1,1,1,0,1,0,0,1,1,0.4130769230769231
0,1,1,1,1,0,1,0,1,0,0,0.44153846153846155
0,1,1,1,1,0,1,0,1,0,1,0.4276923076923077
0,1,1,1,1,0,1,0,1,1,0,0.4361538461538461
0,1,1,1,1,0,1,0,1,1,1,0.3984615384615384
0,1,1,1,1,0,1,1,0,0,0,0.4292307692307692
0,1,1,1,1,0,1,1,0,0,1,0.41692307692307695
0,1,1,1,1,0,1,1,0,1,0,0.4223076923076923
0,1,1,1,1,0,1,1,0,1,1,0.3961538461538462
0,1,1,1,1,0,1,1,1,0,0,0.41692307692307695
0,1,1,1,1,0,1,1,1,0,1,0.4223076923076923
0,1,1,1,1,0,1,1,1,1,0,0.41846153846153844
0,1,1,1,1,0,1,1,1,1,1,0.41846153846153844
0,1,1,1,1,1,0,0,0,0,0,0.44307692307692303
0,1,1,1,1,1,0,0,0,0,1,0.4307692307692308
0,1,1,1,1,1,0,0,0,1,0,0.4507692307692308
0,1,1,1,1,1,0,0,0,1,1,0.4107692307692308
0,1,1,1,1,1,0,0,1,0,0,0.4346153846153846
0,1,1,1,1,1,0,0,1,0,1,0.41538461538461535
0,1,1,1,1,1,0,0,1,1,0,0.43153846153846154
0,1,1,1,1,1,0,0,1,1,1,0.4146153846153846
0,1,1,1,1,1,0,1,0,0,0,0.4407692307692308
0,1,1,1,1,1,0,1,0,0,1,0.3992307692307693
0,1,1,1,1,1,0,1,0,1,0,0.42538461538461536
0,1,1,1,1,1,0,1,0,1,1,0.4130769230769231
0,1,1,1,1,1,0,1,1,0,0,0.4223076923076923
0,1,1,1,1,1,0,1,1,0,1,0.39384615384615385
0,1,1,1,1,1,0,1,1,1,0,0.41230769230769226
0,1,1,1,1,1,0,1,1,1,1,0.3976923076923077
0,1,1,1,1,1,1,0,0,0,0,0.4323076923076923
0,1,1,1,1,1,1,0,0,0,1,0.40846153846153843
0,1,1,1,1,1,1,0,0,1,0,0.42692307692307696
0,1,1,1,1,1,1,0,0,1,1,0.41538461538461535
0,1,1,1,1,1,1,0,1,0,0,0.4292307692307692
0,1,1,1,1,1,1,0,1,0,1,0.40230769230769226
0,1,1,1,1,1,1,0,1,1,0,0.4238461538461539
0,1,1,1,1,1,1,0,1,1,1,0.4
0,1,1,1,1,1,1,1,0,0,0,0.4176923076923077
0,1,1,1,1,1,1,1,0,0,1,0.4046153846153846
0,1,1,1,1,1,1,1,0,1,0,0.4115384615384615
0,1,1,1,1,1,1,1,0,1,1,0.39692307692307693
0,1,1,1,1,1,1,1,1,0,0,0.4046153846153846
0,1,1,1,1,1,1,1,1,0,1,0.3992307692307693
0,1,1,1,1,1,1,1,1,1,0,0.4192307692307692
0,1,1,1,1,1,1,1,1,1,1,0.38384615384615384
1,0,0,0,0,0,0,0,0,0,0,0.5523076923076924
1,0,0,0,0,0,0,0,0,0,1,0.48
1,0,0,0,0,0,0,0,0,1,0,0.5484615384615384
1,0,0,0,0,0,0,0,0,1,1,0.47923076923076924
1,0,0,0,0,0,0,0,1,0,0,0.5407692307692308
1,0,0,0,0,0,0,0,1,0,1,0.4738461538461538
1,0,0,0,0,0,0,0,1,1,0,0.5253846153846153
1,0,0,0,0,0,0,0,1,1,1,0.4669230769230769
1,0,0,0,0,0,0,1,0,0,0,0.49076923076923074
1,0,0,0,0,0,0,1,0,0,1,0.45615384615384613
1,0,0,0,0,0,0,1,0,1,0,0.4723076923076923
1,0,0,0,0,0,0,1,0,1,1,0.46461538461538465
1,0,0,0,0,0,0,1,1,0,0,0.49923076923076926
1,0,0,0,0,0,0,1,1,0,1,0.44461538461538463
1,0,0,0,0,0,0,1,1,1,0,0.46615384615384614
1,0,0,0,0,0,0,1,1,1,1,0.44999999999999996
1,0,0,0,0,0,1,0,0,0,0,0.53
1,0,0,0,0,0,1,0,0,0,1,0.4815384615384616
1,0,0,0,0,0,1,0,0,1,0,0.4953846153846154
1,0,0,0,0,0,1,0,0,1,1,0.4569230769230769
1,0,0,0,0,0,1,0,1,0,0,0.5084615384615385
1,0,0,0,0,0,1,0,1,0,1,0.4569230769230769
1,0,0,0,0,0,1,0,1,1,0,0.4969230769230769
1,0,0,0,0,0,1,0,1,1,1,0.44846153846153847
1,0,0,0,0,0,1,1,0,0,0,0.5061538461538462
1,0,0,0,0,0,1,1,0,0,1,0.44999999999999996
1,0,0,0,0,0,1,1,0,1,0,0.4623076923076923
1,0,0,0,0,0,1,1,0,1,1,0.44461538461538463
1,0,0,0,0,0,1,1,1,0,0,0.4853846153846154
1,0,0,0,0,0,1,1,1,0,1,0.4492307692307692
1,0,0,0,0,0,1,1,1,1,0,0.46461538461538465
1,0,0,0,0,0,1,1,1,1,1,0.4238461538461539
1,0,0,0,0,1,0,0,0,0,0,0.5376923076923077
1,0,0,0,0,1,0,0,0,0,1,0.45153846153846156
1,0,0,0,0,1,0,0,0,1,0,0.5007692307692307
1,0,0,0,0,1,0,0,0,1,1,0.4423076923076923
1,0,0,0,0,1,0,0,1,0,0,0.51
1,0,0,0,0,1,0,0,1,0,1,0.44999999999999996
1,0,0,0,0,1,0,0,1,1,0,0.4984615384615385
1,0,0,0,0,1,0,0,1,1,1,0.44153846153846155
1,0,0,0,0,1,0,1,0,0,0,0.48769230769230765
1,0,0,0,0,1,0,1,0,0,1,0.4476923076923077
1,0,0,0,0,1,0,1,0,1,0,0.45615384615384613
1,0,0,0,0,1,0,1,0,1,1,0.4423076923076923
1,0,0,0,0,1,0,1,1,0,0,0.4738461538461538
1,0,0,0,0,1,0,1,1,0,1,0.4376923076923077
1,0,0,0,0,1,0,1,1,1,0,0.44846153846153847
1,0,0,0,0,1,0,1,1,1,1,0.43153846153846154
1,0,0,0,0,1,1,0,0,0,0,0.5292307692307692
1,0,0,0,0,1,1,0,0,0,1,0.4569230769230769
1,0,0,0,0,1,1,0,0,1,0,0.5
1,0,0,0,0,1,1,0,0,1,1,0.43846153846153846
1,0,0,0,0,1,1,0,1,0,0,0.5
1,0,0,0,0,1,1,0,1,0,1,0.4361538461538461
1,0,0,0,0,1,1,0,1,1,0,0.48615384615384616
1,0,0,0,0,1,1,0,1,1,1,0.4376923076923077
1,0,0,0,0,1,1,1,0,0,0,0.4815384615384616
1,0,0,0,0,1,1,1,0,0,1,0.433076923076923
1,0,0,0,0,1,1,1,0,1,0,0.4569230769230769
1,0,0,0,0,1,1,1,0,1,1,0.4223076923076923
1,0,0,0,0,1,1,1,1,0,0,0.4723076923076923
1,0,0,0,0,1,1,1,1,0,1,0.4223076923076923
1,0,0,0,0,1,1,1,1,1,0,0.4592307692307692
1,0,0,0,0,1,1,1,1,1,1,0.42307692307692313
1,0,0,0,1,0,0,0,0,0,0,0.5138461538461538
1,0,0,0,1,0,0,0,0,0,1,0.4584615384615385
1,0,0,0,1,0,0,0,0,1,0,0.48615384615384616
1,0,0,0,1,0,0,0,0,1,1,0.4523076923076923
1,0,0,0,1,0,0,0,1,0,0,0.5053846153846153
1,0,0,0,1,0,0,0,1,0,1,0.4592307692307692
1,0,0,0,1,0,0,0,1,1,0,0.4853846153846154
1,0,0,0,1,0,0,0,1,1,1,0.43999999999999995
1,0,0,0,1,0,0,1,0,0,0,0.5015384615384615
1,0,0,0,1,0,0,1,0,0,1,0.44153846153846155
1,0,0,0,1,0,0,1,0,1,0,0.4715384615384616
1,0,0,0,1,0,0,1,0,1,1,0.44999999999999996
1,0,0,0,1,0,0,1,1,0,0,0.4607692307692308
1,0,0,0,1,0,0,1,1,0,1,0.44461538461538463
1,0,0,0,1,0,0,1,1,1,0,0.47
1,0,0,0,1,0,0,1,1,1,1,0.43538461538461537
1,0,0,0,1,0,1,0,0,0,0,0.5115384615384615
1,0,0,0,1,0,1,0,0,0,1,0.46461538461538465
1,0,0,0,1,0,1,0,0,1,0,0.4653846153846154
1,0,0,0,1,0,1,0,0,1,1,0.43692307692307697
1,0,0,0,1,0,1,0,1,0,0,0.5
1,0,0,0,1,0,1,0,1,0,1,0.446923076923077
1,0,0,0,1,0,1,0,1,1,0,0.45461538461538464
1,0,0,0,1,0,1,0,1,1,1,0.4292307692307692
1,0,0,0,1,0,1,1,0,0,0,0.4938461538461538
1,0,0,0,1,0,1,1,0,0,1,0.43153846153846154
1,0,0,0,1,0,1,1,0,1,0,0.4523076923076923
1,0,0,0,1,0,1,1,0,1,1,0.4346153846153846
1,0,0,0,1,0,1,1,1,0,0,0.46153846153846156
1,0,0,0,1,0,1,1,1,0,1,0.42692307692307696
1,0,0,0,1,0,1,1,1,1,0,0.4584615384615385
1,0,0,0,1,0,1,1,1,1,1,0.42307692307692313
1,0,0,0,1,1,0,0,0,0,0,0.5030769230769231
1,0,0,0,1,1,0,0,0,0,1,0.43846153846153846
1,0,0,0,1,1,0,0,0,1,0,0.4684615384615385
1,0,0,0,1,1,0,0,0,1,1,0.42000000000000004
1,0,0,0,1,1,0,0,1,0,0,0.48307692307692307
1,0,0,0,1,1,0,0,1,0,1,0.4507692307692308
1,0,0,0,1,1,0,0,1,1,0,0.45999999999999996
1,0,0,0,1,1,0,0,1,1,1,0.4323076923076923
1,0,0,0,1,1,0,1,0,0,0,0.48307692307692307
1,0,0,0,1,1,0,1,0,0,1,0.42538461538461536
1,0,0,0,1,1,0,1,0,1,0,0.4607692307692308
1,0,0,0,1,1,0,1,0,1,1,0.4161538461538462
1,0,0,0,1,1,0,1,1,0,0,0.45153846153846156
1,0,0,0,1,1,0,1,1,0,1,0.4246153846153846
1,0,0,0,1,1,0,1,1,1,0,0.446923076923077
1,0,0,0,1,1,0,1,1,1,1,0.4146153846153846
1,0,0,0,1,1,1,0,0,0,0,0.5115384615384615
1,0,0,0,1,1,1,0,0,0,1,0.4276923076923077
1,0,0,0,1,1,1,0,0,1,0,0.46461538461538465
1,0,0,0,1,1,1,0,0,1,1,0.4276923076923077
1,0,0,0,1,1,1,0,1,0,0,0.4784615384615385
1,0,0,0,1,1,1,0,1,0,1,0.42538461538461536
1,0,0,0,1,1,1,0,1,1,0,0.46153846153846156
1,0,0,0,1,1,1,0,1,1,1,0.4246153846153846
1,0,0,0,1,1,1,1,0,0,0,0.47307692307692306
1,0,0,0,1,1,1,1,0,0,1,0.4130769230769231
1,0,0,0,1,1,1,1,0,1,0,0.4553846153846154
1,0,0,0,1,1,1,1,0,1,1,0.4238461538461539
1,0,0,0,1,1,1,1,1,0,0,0.4584615384615385
1,0,0,0,1,1,1,1,1,0,1,0.4192307692307692
1,0,0,0,1,1,1,1,1,1,0,0.4523076923076923
1,0,0,0,1,1,1,1,1,1,1,0.4146153846153846
1,0,0,1,0,0,0,0,0,0,0,0.5323076923076924
1,0,0,1,0,0,0,0,0,0,1,0.44999999999999996
1,0,0,1,0,0,0,0,0,1,0,0.5069230769230769
1,0,0,1,0,0,0,0,0,1,1,0.4507692307692308
1,0,0,1,0,0,0,0,1,0,0,0.5146153846153847
1,0,0,1,0,0,0,0,1,0,1,0.44307692307692303
1,0,0,1,0,0,0,0,1,1,0,0.5053846153846153
1,0,0,1,0,0,0,0,1,1,1,0.43538461538461537
1,0,0,1,0,0,0,1,0,0,0,0.4823076923076923
1,0,0,1,0,0,0,1,0,0,1,0.44461538461538463
1,0,0,1,0,0,0,1,0,1,0,0.4638461538461538
1,0,0,1,0,0,0,1,0,1,1,0.43538461538461537
1,0,0,1,0,0,0,1,1,0,0,0.4707692307692307
1,0,0,1,0,0,0,1,1,0,1,0.42692307692307696
1,0,0,1,0,0,0,1,1,1,0,0.446923076923077
1,0,0,1,0,0,0,1,1,1,1,0.4261538461538461
1,0,0,1,0,0,1,0,0,0,0,0.4984615384615385
1,0,0,1,0,0,1,0,0,0,1,0.4361538461538461
1,0,0,1,0,0,1,0,0,1,0,0.4784615384615385
1,0,0,1,0,0,1,0,0,1,1,0.4307692307692308
1,0,0,1,0,0,1,0,1,0,0,0.5007692307692307
1,0,0,1,0,0,1,0,1,0,1,0.44307692307692303
1,0,0,1,0,0,1,0,1,1,0,0.47307692307692306
1,0,0,1,0,0,1,0,1,1,1,0.4207692307692308
1,0,0,1,0,0,1,1,0,0,0,0.47
1,0,0,1,0,0,1,1,0,0,1,0.433076923076923
1,0,0,1,0,0,1,1,0,1,0,0.4553846153846154
1,0,0,1,0,0,1,1,0,1,1,0.4261538461538461
1,0,0,1,0,0,1,1,1,0,0,0.4492307692307692
1,0,0,1,0,0,1,1,1,0,1,0.4223076923076923
1,0,0,1,0,0,1,1,1,1,0,0.43153846153846154
1,0,0,1,0,0,1,1,1,1,1,0.4207692307692308
1,0,0,1,0,1,0,0,0,0,0,0.4930769230769231
1,0,0,1,0,1,0,0,0,0,1,0.4361538461538461
1,0,0,1,0,1,0,0,0,1,0,0.48615384615384616
1,0,0,1,0,1,0,0,0,1,1,0.4238461538461539
1,0,0,1,0,1,0,0,1,0,0,0.4930769230769231
1,0,0,1,0,1,0,0,1,0,1,0.42000000000000004
1,0,0,1,0,1,0,0,1,1,0,0.4915384615384616
1,0,0,1,0,1,0,0,1,1,1,0.4223076923076923
1,0,0,1,0,1,0,1,0,0,0,0.46923076923076923
1,0,0,1,0,1,0,1,0,0,1,0.4192307692307692
1,0,0,1,0,1,0,1,0,1,0,0.4476923076923077
1,0,0,1,0,1,0,1,0,1,1,0.41692307692307695
1,0,0,1,0,1,0,1,1,0,0,0.4538461538461539
1,0,0,1,0,1,0,1,1,0,1,0.4323076923076923
1,0,0,1,0,1,0,1,1,1,0,0.42000000000000004
1,0,0,1,0,1,0,1,1,1,1,0.40846153846153843
1,0,0,1,0,1,1,0,0,0,0,0.4784615384615385
1,0,0,1,0,1,1,0,0,0,1,0.41538461538461535
1,0,0,1,0,1,1,0,0,1,0,0.4684615384615385
1,0,0,1,0,1,1,0,0,1,1,0.4107692307692308
1,0,0,1,0,1,1,0,1,0,0,0.4823076923076923
1,0,0,1,0,1,1,0,1,0,1,0.4161538461538462
1,0,0,1,0,1,1,0,1,1,0,0.4607692307692308
1,0,0,1,0,1,1,0,1,1,1,0.40692307692307694
1,0,0,1,0,1,1,1,0,0,0,0.4623076923076923
1,0,0,1,0,1,1,1,0,0,1,0.41230769230769226
1,0,0,1,0,1,1,1,0,1,0,0.4323076923076923
1,0,0,1,0,1,1,1,0,1,1,0.3961538461538462
1,0,0,1,0,1,1,1,1,0,0,0.4461538461538461
1,0,0,1,0,1,1,1,1,0,1,0.4046153846153846
1,0,0,1,0,1,1,1,1,1,0,0.4176923076923077
1,0,0,1,0,1,1,1,1,1,1,0.3976923076923077
1,0,0,1,1,0,0,0,0,0,0,0.49230769230769234
1,0,0,1,1,0,0,0,0,0,1,0.43692307692307697
1,0,0,1,1,0,0,0,0,1,0,0.47615384615384615
1,0,0,1,1,0,0,0,0,1,1,0.4507692307692308
1,0,0,1,1,0,0,0,1,0,0,0.4623076923076923
1,0,0,1,1,0,0,0,1,0,1,0.44461538461538463
1,0,0,1,1,0,0,0,1,1,0,0.4653846153846154
1,0,0,1,1,0,0,0,1,1,1,0.4323076923076923
1,0,0,1,1,0,0,1,0,0,0,0.4815384615384616
1,0,0,1,1,0,0,1,0,0,1,0.44153846153846155
1,0,0,1,1,0,0,1,0,1,0,0.44307692307692303
1,0,0,1,1,0,0,1,0,1,1,0.43153846153846154
1,0,0,1,1,0,0,1,1,0,0,0.46461538461538465
1,0,0,1,1,0,0,1,1,0,1,0.4476923076923077
1,0,0,1,1,0,0,1,1,1,0,0.4423076923076923
1,0,0,1,1,0,0,1,1,1,1,0.4292307692307692
1,0,0,1,1,0,1,0,0,0,0,0.4823076923076923
1,0,0,1,1,0,1,0,0,0,1,0.433076923076923
1,0,0,1,1,0,1,0,0,1,0,0.4623076923076923
1,0,0,1,1,0,1,0,0,1,1,0.4246153846153846
1,0,0,1,1,0,1,0,1,0,0,0.44846153846153847
1,0,0,1,1,0,1,0,1,0,1,0.43692307692307697
1,0,0,1,1,0,1,0,1,1,0,0.45999999999999996
1,0,0,1,1,0,1,0,1,1,1,0.4276923076923077
1,0,0,1,1,0,1,1,0,0,0,0.47307692307692306
1,0,0,1,1,0,1,1,0,0,1,0.42153846153846153
1,0,0,1,1,0,1,1,0,1,0,0.43692307692307697
1,0,0,1,1,0,1,1,0,1,1,0.4261538461538461
1,0,0,1,1,0,1,1,1,0,0,0.446923076923077
1,0,0,1,1,0,1,1,1,0,1,0.4346153846153846
1,0,0,1,1,0,1,1,1,1,0,0.42153846153846153
1,0,0,1,1,0,1,1,1,1,1,0.41538461538461535
1,0,0,1,1,1,0,0,0,0,0,0.4684615384615385
1,0,0,1,1,1,0,0,0,0,1,0.4061538461538462
1,0,0,1,1,1,0,0,0,1,0,0.46153846153846156
1,0,0,1,1,1,0,0,0,1,1,0.4115384615384615
1,0,0,1,1,1,0,0,1,0,0,0.4538461538461539
1,0,0,1,1,1,0,0,1,0,1,0.4161538461538462
1,0,0,1,1,1,0,0,1,1,0,0.44153846153846155
1,0,0,1,1,1,0,0,1,1,1,0.41846153846153844
1,0,0,1,1,1,0,1,0,0,0,0.47769230769230764
1,0,0,1,1,1,0,1,0,0,1,0.4130769230769231
1,0,0,1,1,1,0,1,0,1,0,0.4338461538461539
1,0,0,1,1,1,0,1,0,1,1,0.4107692307692308
1,0,0,1,1,1,0,1,1,0,0,0.43846153846153846
1,0,0,1,1,1,0,1,1,0,1,0.4061538461538462
1,0,0,1,1,1,0,1,1,1,0,0.42846153846153845
1,0,0,1,1,1,0,1,1,1,1,0.40384615384615385
1,0,0,1,1,1,1,0,0,0,0,0.47923076923076924
1,0,0,1,1,1,1,0,0,0,1,0.4192307692307692
1,0,0,1,1,1,1,0,0,1,0,0.4523076923076923
1,0,0,1,1,1,1,0,0,1,1,0.42153846153846153
1,0,0,1,1,1,1,0,1,0,0,0.45307692307692304
1,0,0,1,1,1,1,0,1,0,1,0.42307692307692313
1,0,0,1,1,1,1,0,1,1,0,0.4376923076923077
1,0,0,1,1,1,1,0,1,1,1,0.41384615384615386
1,0,0,1,1,1,1,1,0,0,0,0.4553846153846154
1,0,0,1,1,1,1,1,0,0,1,0.4092307692307692
1,0,0,1,1,1,1,1,0,1,0,0.42846153846153845
1,0,0,1,1,1,1,1,0,1,1,0.4130769230769231
1,0,0,1,1,1,1,1,1,0,0,0.4423076923076923
1,0,0,1,1,1,1,1,1,0,1,0.42307692307692313
1,0,0,1,1,1,1,1,1,1,0,0.4161538461538462
1,0,0,1,1,1,1,1,1,1,1,0.4076923076923077
1,0,1,0,0,0,0,0,0,0,0,0.5092307692307692
1,0,1,0,0,0,0,0,0,0,1,0.44999999999999996
1,0,1,0,0,0,0,0,0,1,0,0.5115384615384615
1,0,1,0,0,0,0,0,0,1,1,0.45153846153846156
1,0,1,0,0,0,0,0,1,0,0,0.4915384615384616
1,0,1,0,0,0,0,0,1,0,1,0.4392307692307692
1,0,1,0,0,0,0,0,1,1,0,0.4930769230769231
1,0,1,0,0,0,0,0,1,1,1,0.4423076923076923
1,0,1,0,0,0,0,1,0,0,0,0.46923076923076923
1,0,1,0,0,0,0,1,0,0,1,0.43999999999999995
1,0,1,0,0,0,0,1,0,1,0,0.4707692307692307
1,0,1,0,0,0,0,1,0,1,1,0.4453846153846154
1,0,1,0,0,0,0,1,1,0,0,0.45769230769230773
1,0,1,0,0,0,0,1,1,0,1,0.4476923076923077
1,0,1,0,0,0,0,1,1,1,0,0.4553846153846154
1,0,1,0,0,0,0,1,1,1,1,0.4423076923076923
1,0,1,0,0,0,1,0,0,0,0,0.5
1,0,1,0,0,0,1,0,0,0,1,0.44307692307692303
1,0,1,0,0,0,1,0,0,1,0,0.48307692307692307
1,0,1,0,0,0,1,0,0,1,1,0.43846153846153846
1,0,1,0,0,0,1,0,1,0,0,0.4815384615384616
1,0,1,0,0,0,1,0,1,0,1,0.4376923076923077
1,0,1,0,0,0,1,0,1,1,0,0.47461538461538466
1,0,1,0,0,0,1,0,1,1,1,0.4453846153846154
1,0,1,0,0,0,1,1,0,0,0,0.4807692307692307
1,0,1,0,0,0,1,1,0,0,1,0.4461538461538461
1,0,1,0,0,0,1,1,0,1,0,0.4438461538461539
1,0,1,0,0,0,1,1,0,1,1,0.4323076923076923
1,0,1,0,0,0,1,1,1,0,0,0.45769230769230773
1,0,1,0,0,0,1,1,1,0,1,0.4492307692307692
1,0,1,0,0,0,1,1,1,1,0,0.43999999999999995
1,0,1,0,0,0,1,1,1,1,1,0.4323076923076923
1,0,1,0,0,1,0,0,0,0,0,0.48769230769230765
1,0,1,0,0,1,0,0,0,0,1,0.4476923076923077
1,0,1,0,0,1,0,0,0,1,0,0.4753846153846154
1,0,1,0,0,1,0,0,0,1,1,0.4407692307692308
1,0,1,0,0,1,0,0,1,0,0,0.4838461538461538
1,0,1,0,0,1,0,0,1,0,1,0.4392307692307692
1,0,1,0,0,1,0,0,1,1,0,0.4769230769230769
1,0,1,0,0,1,0,0,1,1,1,0.42846153846153845
1,0,1,0,0,1,0,1,0,0,0,0.46769230769230774
1,0,1,0,0,1,0,1,0,0,1,0.4292307692307692
1,0,1,0,0,1,0,1,0,1,0,0.4507692307692308
1,0,1,0,0,1,0,1,0,1,1,0.433076923076923
1,0,1,0,0,1,0,1,1,0,0,0.4569230769230769
1,0,1,0,0,1,0,1,1,0,1,0.42692307692307696
1,0,1,0,0,1,0,1,1,1,0,0.4346153846153846
1,0,1,0,0,1,0,1,1,1,1,0.4246153846153846
1,0,1,0,0,1,1,0,0,0,0,0.4915384615384616
1,0,1,0,0,1,1,0,0,0,1,0.4523076923076923
1,0,1,0,0,1,1,0,0,1,0,0.47769230769230764
1,0,1,0,0,1,1,0,0,1,1,0.41846153846153844
1,0,1,0,0,1,1,0,1,0,0,0.4453846153846154
1,0,1,0,0,1,1,0,1,0,1,0.4338461538461539
1,0,1,0,0,1,1,0,1,1,0,0.45999999999999996
1,0,1,0,0,1,1,0,1,1,1,0.42538461538461536
1,0,1,0,0,1,1,1,0,0,0,0.4669230769230769
1,0,1,0,0,1,1,1,0,0,1,0.4346153846153846
1,0,1,0,0,1,1,1,0,1,0,0.4361538461538461
1,0,1,0,0,1,1,1,0,1,1,0.4261538461538461
1,0,1,0,0,1,1,1,1,0,0,0.45153846153846156
1,0,1,0,0,1,1,1,1,0,1,0.4438461538461539
1,0,1,0,0,1,1,1,1,1,0,0.4292307692307692
1,0,1,0,0,1,1,1,1,1,1,0.41846153846153844
1,0,1,0,1,0,0,0,0,0,0,0.49769230769230766
1,0,1,0,1,0,0,0,0,0,1,0.43692307692307697
1,0,1,0,1,0,0,0,0,1,0,0.49461538461538457
1,0,1,0,1,0,0,0,0,1,1,0.4407692307692308
1,0,1,0,1,0,0,0,1,0,0,0.48615384615384616
1,0,1,0,1,0,0,0,1,0,1,0.4276923076923077
1,0,1,0,1,0,0,0,1,1,0,0.4653846153846154
1,0,1,0,1,0,0,0,1,1,1,0.42307692307692313
1,0,1,0,1,0,0,1,0,0,0,0.4869230769230769
1,0,1,0,1,0,0,1,0,0,1,0.4376923076923077
1,0,1,0,1,0,0,1,0,1,0,0.45999999999999996
1,0,1,0,1,0,0,1,0,1,1,0.42000000000000004
1,0,1,0,1,0,0,1,1,0,0,0.45615384615384613
1,0,1,0,1,0,0,1,1,0,1,0.4276923076923077
1,0,1,0,1,0,0,1,1,1,0,0.4461538461538461
1,0,1,0,1,0,0,1,1,1,1,0.4323076923076923
1,0,1,0,1,0,1,0,0,0,0,0.4738461538461538
1,0,1,0,1,0,1,0,0,0,1,0.45615384615384613
1,0,1,0,1,0,1,0,0,1,0,0.4553846153846154
1,0,1,0,1,0,1,0,0,1,1,0.4192307692307692
1,0,1,0,1,0,1,0,1,0,0,0.4607692307692308
1,0,1,0,1,0,1,0,1,0,1,0.4338461538461539
1,0,1,0,1,0,1,0,1,1,0,0.4507692307692308
1,0,1,0,1,0,1,0,1,1,1,0.4238461538461539
1,0,1,0,1,0,1,1,0,0,0,0.4723076923076923
1,0,1,0,1,0,1,1,0,0,1,0.4338461538461539
1,0,1,0,1,0,1,1,0,1,0,0.4453846153846154
1,0,1,0,1,0,1,1,0,1,1,0.4246153846153846
1,0,1,0,1,0,1,1,1,0,0,0.4523076923076923
1,0,1,0,1,0,1,1,1,0,1,0.4338461538461539
1,0,1,0,1,0,1,1,1,1,0,0.43153846153846154
1,0,1,0,1,0,1,1,1,1,1,0.4307692307692308
1,0,1,0,1,1,0,0,0,0,0,0.46307692307692305
1,0,1,0,1,1,0,0,0,0,1,0.4346153846153846
1,0,1,0,1,1,0,0,0,1,0,0.47307692307692306
1,0,1,0,1,1,0,0,0,1,1,0.42692307692307696
1,0,1,0,1,1,0,0,1,0,0,0.45769230769230773
1,0,1,0,1,1,0,0,1,0,1,0.41692307692307695
1,0,1,0,1,1,0,0,1,1,0,0.4453846153846154
1,0,1,0,1,1,0,0,1,1,1,0.4207692307692308
1,0,1,0,1,1,0,1,0,0,0,0.47
1,0,1,0,1,1,0,1,0,0,1,0.4307692307692308
1,0,1,0,1,1,0,1,0,1,0,0.44307692307692303
1,0,1,0,1,1,0,1,0,1,1,0.41000000000000003
1,0,1,0,1,1,0,1,1,0,0,0.4392307692307692
1,0,1,0,1,1,0,1,1,0,1,0.4361538461538461
1,0,1,0,1,1,0,1,1,1,0,0.4107692307692308
1,0,1,0,1,1,0,1,1,1,1,0.4176923076923077
1,0,1,0,1,1,1,0,0,0,0,0.4715384615384616
1,0,1,0,1,1,1,0,0,0,1,0.41538461538461535
1,0,1,0,1,1,1,0,0,1,0,0.4461538461538461
1,0,1,0,1,1,1,0,0,1,1,0.4076923076923077
1,0,1,0,1,1,1,0,1,0,0,0.43000000000000005
1,0,1,0,1,1,1,0,1,0,1,0.4161538461538462
1,0,1,0,1,1,1,0,1,1,0,0.44307692307692303
1,0,1,0,1,1,1,0,1,1,1,0.4107692307692308
1,0,1,0,1,1,1,1,0,0,0,0.47
1,0,1,0,1,1,1,1,0,0,1,0.4192307692307692
1,0,1,0,1,1,1,1,0,1,0,0.43153846153846154
1,0,1,0,1,1,1,1,0,1,1,0.4015384615384615
1,0,1,0,1,1,1,1,1,0,0,0.4307692307692308
1,0,1,0,1,1,1,1,1,0,1,0.41692307692307695
1,0,1,0,1,1,1,1,1,1,0,0.4092307692307692
1,0,1,0,1,1,1,1,1,1,1,0.4146153846153846
1,0,1,1,0,0,0,0,0,0,0,0.48615384615384616
1,0,1,1,0,0,0,0,0,0,1,0.45461538461538464
1,0,1,1,0,0,0,0,0,1,0,0.5023076923076923
1,0,1,1,0,0,0,0,0,1,1,0.4392307692307692
1,0,1,1,0,0,0,0,1,0,0,0.48461538461538467
1,0,1,1,0,0,0,0,1,0,1,0.4538461538461539
1,0,1,1,0,0,0,0,1,1,0,0.48615384615384616
1,0,1,1,0,0,0,0,1,1,1,0.4338461538461539
1,0,1,1,0,0,0,1,0,0,0,0.47307692307692306
1,0,1,1,0,0,0,1,0,0,1,0.43692307692307697
1,0,1,1,0,0,0,1,0,1,0,0.44307692307692303
1,0,1,1,0,0,0,1,0,1,1,0.43692307692307697
1,0,1,1,0,0,0,1,1,0,0,0.44153846153846155
1,0,1,1,0,0,0,1,1,0,1,0.43692307692307697
1,0,1,1,0,0,0,1,1,1,0,0.4276923076923077
1,0,1,1,0,0,0,1,1,1,1,0.42307692307692313
1,0,1,1,0,0,1,0,0,0,0,0.49076923076923074
1,0,1,1,0,0,1,0,0,0,1,0.44461538461538463
1,0,1,1,0,0,1,0,0,1,0,0.4784615384615385
1,0,1,1,0,0,1,0,0,1,1,0.4323076923076923
1,0,1,1,0,0,1,0,1,0,0,0.47307692307692306
1,0,1,1,0,0,1,0,1,0,1,0.4361538461538461
1,0,1,1,0,0,1,0,1,1,0,0.4807692307692307
1,0,1,1,0,0,1,0,1,1,1,0.4246153846153846
1,0,1,1,0,0,1,1,0,0,0,0.46461538461538465
1,0,1,1,0,0,1,1,0,0,1,0.4392307692307692
1,0,1,1,0,0,1,1,0,1,0,0.43846153846153846
1,0,1,1,0,0,1,1,0,1,1,0.43000000000000005
1,0,1,1,0,0,1,1,1,0,0,0.44461538461538463
1,0,1,1,0,0,1,1,1,0,1,0.4192307692307692
1,0,1,1,0,0,1,1,1,1,0,0.4223076923076923
1,0,1,1,0,0,1,1,1,1,1,0.4223076923076923
1,0,1,1,0,1,0,0,0,0,0,0.4753846153846154
1,0,1,1,0,1,0,0,0,0,1,0.4261538461538461
1,0,1,1,0,1,0,0,0,1,0,0.47
1,0,1,1,0,1,0,0,0,1,1,0.4146153846153846
1,0,1,1,0,1,0,0,1,0,0,0.46769230769230774
1,0,1,1,0,1,0,0,1,0,1,0.43153846153846154
1,0,1,1,0,1,0,0,1,1,0,0.4538461538461539
1,0,1,1,0,1,0,0,1,1,1,0.40538461538461534
1,0,1,1,0,1,0,1,0,0,0,0.47615384615384615
1,0,1,1,0,1,0,1,0,0,1,0.39538461538461533
1,0,1,1,0,1,0,1,0,1,0,0.4438461538461539
1,0,1,1,0,1,0,1,0,1,1,0.4130769230769231
1,0,1,1,0,1,0,1,1,0,0,0.43999999999999995
1,0,1,1,0,1,0,1,1,0,1,0.4176923076923077
1,0,1,1,0,1,0,1,1,1,0,0.41846153846153844
1,0,1,1,0,1,0,1,1,1,1,0.40230769230769226
1,0,1,1,0,1,1,0,0,0,0,0.4723076923076923
1,0,1,1,0,1,1,0,0,0,1,0.41846153846153844
1,0,1,1,0,1,1,0,0,1,0,0.4538461538461539
1,0,1,1,0,1,1,0,0,1,1,0.4107692307692308
1,0,1,1,0,1,1,0,1,0,0,0.4638461538461538
1,0,1,1,0,1,1,0,1,0,1,0.40538461538461534
1,0,1,1,0,1,1,0,1,1,0,0.4592307692307692
1,0,1,1,0,1,1,0,1,1,1,0.4076923076923077
1,0,1,1,0,1,1,1,0,0,0,0.4423076923076923
1,0,1,1,0,1,1,1,0,0,1,0.42153846153846153
1,0,1,1,0,1,1,1,0,1,0,0.4238461538461539
1,0,1,1,0,1,1,1,0,1,1,0.40538461538461534
1,0,1,1,0,1,1,1,1,0,0,0.40076923076923077
1,0,1,1,0,1,1,1,1,0,1,0.40384615384615385
1,0,1,1,0,1,1,1,1,1,0,0.41230769230769226
1,0,1,1,0,1,1,1,1,1,1,0.40538461538461534
1,0,1,1,1,0,0,0,0,0,0,0.4953846153846154
1,0,1,1,1,0,0,0,0,0,1,0.42692307692307696
1,0,1,1,1,0,0,0,0,1,0,0.48307692307692307
1,0,1,1,1,0,0,0,0,1,1,0.42307692307692313
1,0,1,1,1,0,0,0,1,0,0,0.4707692307692307
1,0,1,1,1,0,0,0,1,0,1,0.42846153846153845
1,0,1,1,1,0,0,0,1,1,0,0.44307692307692303
1,0,1,1,1,0,0,0,1,1,1,0.43000000000000005
1,0,1,1,1,0,0,1,0,0,0,0.4838461538461538
1,0,1,1,1,0,0,1,0,0,1,0.43692307692307697
1,0,1,1,1,0,0,1,0,1,0,0.45615384615384613
1,0,1,1,1,0,0,1,0,1,1,0.4146153846153846
1,0,1,1,1,0,0,1,1,0,0,0.46461538461538465
1,0,1,1,1,0,0,1,1,0,1,0.4323076923076923
1,0,1,1,1,0,0,1,1,1,0,0.4323076923076923
1,0,1,1,1,0,0,1,1,1,1,0.4207692307692308
1,0,1,1,1,0,1,0,0,0,0,0.47307692307692306
1,0,1,1,1,0,1,0,0,0,1,0.4292307692307692
1,0,1,1,1,0,1,0,0,1,0,0.45307692307692304
1,0,1,1,1,0,1,0,0,1,1,0.4176923076923077
1,0,1,1,1,0,1,0,1,0,0,0.446923076923077
1,0,1,1,1,0,1,0,1,0,1,0.42307692307692313
1,0,1,1,1,0,1,0,1,1,0,0.43846153846153846
1,0,1,1,1,0,1,0,1,1,1,0.4146153846153846
1,0,1,1,1,0,1,1,0,0,0,0.4569230769230769
1,0,1,1,1,0,1,1,0,0,1,0.4238461538461539
1,0,1,1,1,0,1,1,0,1,0,0.41846153846153844
1,0,1,1,1,0,1,1,0,1,1,0.42692307692307696
1,0,1,1,1,0,1,1,1,0,0,0.44461538461538463
1,0,1,1,1,0,1,1,1,0,1,0.42153846153846153
1,0,1,1,1,0,1,1,1,1,0,0.40846153846153843
1,0,1,1,1,0,1,1,1,1,1,0.4115384615384615
1,0,1,1,1,1,0,0,0,0,0,0.45769230769230773
1,0,1,1,1,1,0,0,0,0,1,0.41000000000000003
1,0,1,1,1,1,0,0,0,1,0,0.446923076923077
1,0,1,1,1,1,0,0,0,1,1,0.40692307692307694
1,0,1,1,1,1,0,0,1,0,0,0.4623076923076923
1,0,1,1,1,1,0,0,1,0,1,0.41384615384615386
1,0,1,1,1,1,0,0,1,1,0,0.4338461538461539
1,0,1,1,1,1,0,0,1,1,1,0.40538461538461534
1,0,1,1,1,1,0,1,0,0,0,0.4492307692307692
1,0,1,1,1,1,0,1,0,0,1,0.4115384615384615
1,0,1,1,1,1,0,1,0,1,0,0.43538461538461537
1,0,1,1,1,1,0,1,0,1,1,0.3930769230769231
1,0,1,1,1,1,0,1,1,0,0,0.43000000000000005
1,0,1,1,1,1,0,1,1,0,1,0.4046153846153846
1,0,1,1,1,1,0,1,1,1,0,0.40538461538461534
1,0,1,1,1,1,0,1,1,1,1,0.40384615384615385
1,0,1,1,1,1,1,0,0,0,0,0.446923076923077
1,0,1,1,1,1,1,0,0,0,1,0.40692307692307694
1,0,1,1,1,1,1,0,0,1,0,0.43000000000000005
1,0,1,1,1,1,1,0,0,1,1,0.3869230769230769
1,0,1,1,1,1,1,0,1,0,0,0.42692307692307696
1,0,1,1,1,1,1,0,1,0,1,0.4092307692307692
1,0,1,1,1,1,1,0,1,1,0,0.42692307692307696
1,0,1,1,1,1,1,0,1,1,1,0.4046153846153846
1,0,1,1,1,1,1,1,0,0,0,0.4407692307692308
1,0,1,1,1,1,1,1,0,0,1,0.4130769230769231
1,0,1,1,1,1,1,1,0,1,0,0.41384615384615386
1,0,1,1,1,1,1,1,0,1,1,0.3961538461538462
1,0,1,1,1,1,1,1,1,0,0,0.4238461538461539
1,0,1,1,1,1,1,1,1,0,1,0.4176923076923077
1,0,1,1,1,1,1,1,1,1,0,0.40538461538461534
1,0,1,1,1,1,1,1,1,1,1,0.38923076923076927
1,1,0,0,0,0,0,0,0,0,0,0.5153846153846153
1,1,0,0,0,0,0,0,0,0,1,0.4392307692307692
1,1,0,0,0,0,0,0,0,1,0,0.48461538461538467
1,1,0,0,0,0,0,0,0,1,1,0.42692307692307696
1,1,0,0,0,0,0,0,1,0,0,0.4984615384615385
1,1,0,0,0,0,0,0,1,0,1,0.4276923076923077
1,1,0,0,0,0,0,0,1,1,0,0.4784615384615385
1,1,0,0,0,0,0,0,1,1,1,0.42000000000000004
1,1,0,0,0,0,0,1,0,0,0,0.48615384615384616
1,1,0,0,0,0,0,1,0,0,1,0.433076923076923
1,1,0,0,0,0,0,1,0,1,0,0.4569230769230769
1,1,0,0,0,0,0,1,0,1,1,0.4292307692307692
1,1,0,0,0,0,0,1,1,0,0,0.4653846153846154
1,1,0,0,0,0,0,1,1,0,1,0.4238461538461539
1,1,0,0,0,0,0,1,1,1,0,0.46307692307692305
1,1,0,0,0,0,0,1,1,1,1,0.4192307692307692
1,1,0,0,0,0,1,0,0,0,0,0.48
1,1,0,0,0,0,1,0,0,0,1,0.4338461538461539
1,1,0,0,0,0,1,0,0,1,0,0.4584615384615385
1,1,0,0,0,0,1,0,0,1,1,0.41692307692307695
1,1,0,0,0,0,1,0,1,0,0,0.47461538461538466
1,1,0,0,0,0,1,0,1,0,1,0.43153846153846154
1,1,0,0,0,0,1,0,1,1,0,0.4623076923076923
1,1,0,0,0,0,1,0,1,1,1,0.4107692307692308
1,1,0,0,0,0,1,1,0,0,0,0.4569230769230769
1,1,0,0,0,0,1,1,0,0,1,0.4307692307692308
1,1,0,0,0,0,1,1,0,1,0,0.4407692307692308
1,1,0,0,0,0,1,1,0,1,1,0.40692307692307694
1,1,0,0,0,0,1,1,1,0,0,0.44307692307692303
1,1,0,0,0,0,1,1,1,0,1,0.42307692307692313
1,1,0,0,0,0,1,1,1,1,0,0.4361538461538461
1,1,0,0,0,0,1,1,1,1,1,0.4161538461538462
1,1,0,0,0,1,0,0,0,0,0,0.49230769230769234
1,1,0,0,0,1,0,0,0,0,1,0.43000000000000005
1,1,0,0,0,1,0,0,0,1,0,0.47461538461538466
1,1,0,0,0,1,0,0,0,1,1,0.41846153846153844
1,1,0,0,0,1,0,0,1,0,0,0.47923076923076924
1,1,0,0,0,1,0,0,1,0,1,0.4338461538461539
1,1,0,0,0,1,0,0,1,1,0,0.46615384615384614
1,1,0,0,0,1,0,0,1,1,1,0.40846153846153843
1,1,0,0,0,1,0,1,0,0,0,0.47461538461538466
1,1,0,0,0,1,0,1,0,0,1,0.4223076923076923
1,1,0,0,0,1,0,1,0,1,0,0.4453846153846154
1,1,0,0,0,1,0,1,0,1,1,0.4061538461538462
1,1,0,0,0,1,0,1,1,0,0,0.44999999999999996
1,1,0,0,0,1,0,1,1,0,1,0.4261538461538461
1,1,0,0,0,1,0,1,1,1,0,0.433076923076923
1,1,0,0,0,1,0,1,1,1,1,0.40230769230769226
1,1,0,0,0,1,1,0,0,0,0,0.4592307692307692
1,1,0,0,0,1,1,0,0,0,1,0.4207692307692308
1,1,0,0,0,1,1,0,0,1,0,0.44461538461538463
1,1,0,0,0,1,1,0,0,1,1,0.40384615384615385
1,1,0,0,0,1,1,0,1,0,0,0.4507692307692308
1,1,0,0,0,1,1,0,1,0,1,0.4238461538461539
1,1,0,0,0,1,1,0,1,1,0,0.45153846153846156
1,1,0,0,0,1,1,0,1,1,1,0.4092307692307692
1,1,0,0,0,1,1,1,0,0,0,0.44846153846153847
1,1,0,0,0,1,1,1,0,0,1,0.4238461538461539
1,1,0,0,0,1,1,1,0,1,0,0.4276923076923077
1,1,0,0,0,1,1,1,0,1,1,0.3946153846153846
1,1,0,0,0,1,1,1,1,0,0,0.4407692307692308
1,1,0,0,0,1,1,1,1,0,1,0.4130769230769231
1,1,0,0,0,1,1,1,1,1,0,0.4276923076923077
1,1,0,0,0,1,1,1,1,1,1,0.3961538461538462
1,1,0,0,1,0,0,0,0,0,0,0.48461538461538467
1,1,0,0,1,0,0,0,0,0,1,0.42846153846153845
1,1,0,0,1,0,0,0,0,1,0,0.46461538461538465
1,1,0,0,1,0,0,0,0,1,1,0.4276923076923077
1,1,0,0,1,0,0,0,1,0,0,0.47
1,1,0,0,1,0,0,0,1,0,1,0.42846153846153845
1,1,0,0,1,0,0,0,1,1,0,0.44846153846153847
1,1,0,0,1,0,0,0,1,1,1,0.43000000000000005
1,1,0,0,1,0,0,1,0,0,0,0.4623076923076923
1,1,0,0,1,0,0,1,0,0,1,0.41846153846153844
1,1,0,0,1,0,0,1,0,1,0,0.4476923076923077
1,1,0,0,1,0,0,1,0,1,1,0.4223076923076923
1,1,0,0,1,0,0,1,1,0,0,0.44999999999999996
1,1,0,0,1,0,0,1,1,0,1,0.41846153846153844
1,1,0,0,1,0,0,1,1,1,0,0.44307692307692303
1,1,0,0,1,0,0,1,1,1,1,0.40230769230769226
1,1,0,0,1,0,1,0,0,0,0,0.46307692307692305
1,1,0,0,1,0,1,0,0,0,1,0.4238461538461539
1,1,0,0,1,0,1,0,0,1,0,0.4461538461538461
1,1,0,0,1,0,1,0,0,1,1,0.42307692307692313
1,1,0,0,1,0,1,0,1,0,0,0.44846153846153847
1,1,0,0,1,0,1,0,1,0,1,0.42307692307692313
1,1,0,0,1,0,1,0,1,1,0,0.4361538461538461
1,1,0,0,1,0,1,0,1,1,1,0.4161538461538462
1,1,0,0,1,0,1,1,0,0,0,0.4423076923076923
1,1,0,0,1,0,1,1,0,0,1,0.4146153846153846
1,1,0,0,1,0,1,1,0,1,0,0.4276923076923077
1,1,0,0,1,0,1,1,0,1,1,0.4161538461538462
1,1,0,0,1,0,1,1,1,0,0,0.4407692307692308
1,1,0,0,1,0,1,1,1,0,1,0.40692307692307694
1,1,0,0,1,0,1,1,1,1,0,0.42692307692307696
1,1,0,0,1,0,1,1,1,1,1,0.3976923076923077
1,1,0,0,1,1,0,0,0,0,0,0.4592307692307692
1,1,0,0,1,1,0,0,0,0,1,0.4338461538461539
1,1,0,0,1,1,0,0,0,1,0,0.4438461538461539
1,1,0,0,1,1,0,0,0,1,1,0.4130769230769231
1,1,0,0,1,1,0,0,1,0,0,0.4538461538461539
1,1,0,0,1,1,0,0,1,0,1,0.41692307692307695
1,1,0,0,1,1,0,0,1,1,0,0.42846153846153845
1,1,0,0,1,1,0,0,1,1,1,0.4015384615384615
1,1,0,0,1,1,0,1,0,0,0,0.4507692307692308
1,1,0,0,1,1,0,1,0,0,1,0.40692307692307694
1,1,0,0,1,1,0,1,0,1,0,0.43999999999999995
1,1,0,0,1,1,0,1,0,1,1,0.4092307692307692
1,1,0,0,1,1,0,1,1,0,0,0.44461538461538463
1,1,0,0,1,1,0,1,1,0,1,0.4176923076923077
1,1,0,0,1,1,0,1,1,1,0,0.4261538461538461
1,1,0,0,1,1,0,1,1,1,1,0.3946153846153846
1,1,0,0,1,1,1,0,0,0,0,0.4392307692307692
1,1,0,0,1,1,1,0,0,0,1,0.4238461538461539
1,1,0,0,1,1,1,0,0,1,0,0.44846153846153847
1,1,0,0,1,1,1,0,0,1,1,0.41692307692307695
1,1,0,0,1,1,1,0,1,0,0,0.4338461538461539
1,1,0,0,1,1,1,0,1,0,1,0.4161538461538462
1,1,0,0,1,1,1,0,1,1,0,0.4346153846153846
1,1,0,0,1,1,1,0,1,1,1,0.4092307692307692
1,1,0,0,1,1,1,1,0,0,0,0.4453846153846154
1,1,0,0,1,1,1,1,0,0,1,0.43153846153846154
1,1,0,0,1,1,1,1,0,1,0,0.42692307692307696
1,1,0,0,1,1,1,1,0,1,1,0.4030769230769231
1,1,0,0,1,1,1,1,1,0,0,0.4323076923076923
1,1,0,0,1,1,1,1,1,0,1,0.4146153846153846
1,1,0,0,1,1,1,1,1,1,0,0.4276923076923077
1,1,0,0,1,1,1,1,1,1,1,0.40076923076923077
1,1,0,1,0,0,0,0,0,0,0,0.4930769230769231
1,1,0,1,0,0,0,0,0,0,1,0.4307692307692308
1,1,0,1,0,0,0,0,0,1,0,0.4638461538461538
1,1,0,1,0,0,0,0,0,1,1,0.42538461538461536
1,1,0,1,0,0,0,0,1,0,0,0.4715384615384616
1,1,0,1,0,0,0,0,1,0,1,0.4161538461538462
1,1,0,1,0,0,0,0,1,1,0,0.45999999999999996
1,1,0,1,0,0,0,0,1,1,1,0.41692307692307695
1,1,0,1,0,0,0,1,0,0,0,0.45153846153846156
1,1,0,1,0,0,0,1,0,0,1,0.4261538461538461
1,1,0,1,0,0,0,1,0,1,0,0.44999999999999996
1,1,0,1,0,0,0,1,0,1,1,0.4192307692307692
1,1,0,1,0,0,0,1,1,0,0,0.43846153846153846
1,1,0,1,0,0,0,1,1,0,1,0.4092307692307692
1,1,0,1,0,0,0,1,1,1,0,0.41692307692307695
1,1,0,1,0,0,0,1,1,1,1,0.3884615384615384
1,1,0,1,0,0,1,0,0,0,0,0.4684615384615385
1,1,0,1,0,0,1,0,0,0,1,0.42538461538461536
1,1,0,1,0,0,1,0,0,1,0,0.43999999999999995
1,1,0,1,0,0,1,0,0,1,1,0.40846153846153843
1,1,0,1,0,0,1,0,1,0,0,0.46153846153846156
1,1,0,1,0,0,1,0,1,0,1,0.4115384615384615
1,1,0,1,0,0,1,0,1,1,0,0.4476923076923077
1,1,0,1,0,0,1,0,1,1,1,0.4046153846153846
1,1,0,1,0,0,1,1,0,0,0,0.4223076923076923
1,1,0,1,0,0,1,1,0,0,1,0.4046153846153846
1,1,0,1,0,0,1,1,0,1,0,0.4130769230769231
1,1,0,1,0,0,1,1,0,1,1,0.4146153846153846
1,1,0,1,0,0,1,1,1,0,0,0.4246153846153846
1,1,0,1,0,0,1,1,1,0,1,0.4076923076923077
1,1,0,1,0,0,1,1,1,1,0,0.4223076923076923
1,1,0,1,0,0,1,1,1,1,1,0.3915384615384615
1,1,0,1,0,1,0,0,0,0,0,0.46153846153846156
1,1,0,1,0,1,0,0,0,0,1,0.4223076923076923
1,1,0,1,0,1,0,0,0,1,0,0.4592307692307692
1,1,0,1,0,1,0,0,0,1,1,0.4176923076923077
1,1,0,1,0,1,0,0,1,0,0,0.46615384615384614
1,1,0,1,0,1,0,0,1,0,1,0.4015384615384615
1,1,0,1,0,1,0,0,1,1,0,0.4392307692307692
1,1,0,1,0,1,0,0,1,1,1,0.4
1,1,0,1,0,1,0,1,0,0,0,0.45461538461538464
1,1,0,1,0,1,0,1,0,0,1,0.4176923076923077
1,1,0,1,0,1,0,1,0,1,0,0.42000000000000004
1,1,0,1,0,1,0,1,0,1,1,0.41846153846153844
1,1,0,1,0,1,0,1,1,0,0,0.4238461538461539
1,1,0,1,0,1,0,1,1,0,1,0.40538461538461534
1,1,0,1,0,1,0,1,1,1,0,0.41230769230769226
1,1,0,1,0,1,0,1,1,1,1,0.39538461538461533
1,1,0,1,0,1,1,0,0,0,0,0.44846153846153847
1,1,0,1,0,1,1,0,0,0,1,0.41846153846153844
1,1,0,1,0,1,1,0,0,1,0,0.4261538461538461
1,1,0,1,0,1,1,0,0,1,1,0.39692307692307693
1,1,0,1,0,1,1,0,1,0,0,0.43999999999999995
1,1,0,1,0,1,1,0,1,0,1,0.39692307692307693
1,1,0,1,0,1,1,0,1,1,0,0.4338461538461539
1,1,0,1,0,1,1,0,1,1,1,0.3884615384615384
1,1,0,1,0,1,1,1,0,0,0,0.4161538461538462
1,1,0,1,0,1,1,1,0,0,1,0.4015384615384615
1,1,0,1,0,1,1,1,0,1,0,0.4061538461538462
1,1,0,1,0,1,1,1,0,1,1,0.3915384615384615
1,1,0,1,0,1,1,1,1,0,0,0.42000000000000004
1,1,0,1,0,1,1,1,1,0,1,0.3992307692307693
1,1,0,1,0,1,1,1,1,1,0,0.3984615384615384
1,1,0,1,0,1,1,1,1,1,1,0.3961538461538462
1,1,0,1,1,0,0,0,0,0,0,0.4584615384615385
1,1,0,1,1,0,0,0,0,0,1,0.4307692307692308
1,1,0,1,1,0,0,0,0,1,0,0.4492307692307692
1,1,0,1,1,0,0,0,0,1,1,0.41538461538461535
1,1,0,1,1,0,0,0,1,0,0,0.44307692307692303
1,1,0,1,1,0,0,0,1,0,1,0.41384615384615386
1,1,0,1,1,0,0,0,1,1,0,0.4492307692307692
1,1,0,1,1,0,0,0,1,1,1,0.4015384615384615
1,1,0,1,1,0,0,1,0,0,0,0.4553846153846154
1,1,0,1,1,0,0,1,0,0,1,0.4207692307692308
1,1,0,1,1,0,0,1,0,1,0,0.4276923076923077
1,1,0,1,1,0,0,1,0,1,1,0.4130769230769231
1,1,0,1,1,0,0,1,1,0,0,0.433076923076923
1,1,0,1,1,0,0,1,1,0,1,0.42692307692307696
1,1,0,1,1,0,0,1,1,1,0,0.4238461538461539
1,1,0,1,1,0,0,1,1,1,1,0.40538461538461534
1,1,0,1,1,0,1,0,0,0,0,0.43846153846153846
1,1,0,1,1,0,1,0,0,0,1,0.42000000000000004
1,1,0,1,1,0,1,0,0,1,0,0.4323076923076923
1,1,0,1,1,0,1,0,0,1,1,0.40692307692307694
1,1,0,1,1,0,1,0,1,0,0,0.43846153846153846
1,1,0,1,1,0,1,0,1,0,1,0.4146153846153846
1,1,0,1,1,0,1,0,1,1,0,0.4338461538461539
1,1,0,1,1,0,1,0,1,1,1,0.4146153846153846
1,1,0,1,1,0,1,1,0,0,0,0.4338461538461539
1,1,0,1,1,0,1,1,0,0,1,0.4161538461538462
1,1,0,1,1,0,1,1,0,1,0,0.4115384615384615
1,1,0,1,1,0,1,1,0,1,1,0.4107692307692308
1,1,0,1,1,0,1,1,1,0,0,0.41692307692307695
1,1,0,1,1,0,1,1,1,0,1,0.4046153846153846
1,1,0,1,1,0,1,1,1,1,0,0.4176923076923077
1,1,0,1,1,0,1,1,1,1,1,0.3976923076923077
1,1,0,1,1,1,0,0,0,0,0,0.44153846153846155
1,1,0,1,1,1,0,0,0,0,1,0.4115384615384615
1,1,0,1,1,1,0,0,0,1,0,0.4461538461538461
1,1,0,1,1,1,0,0,0,1,1,0.4107692307692308
1,1,0,1,1,1,0,0,1,0,0,0.43538461538461537
1,1,0,1,1,1,0,0,1,0,1,0.4046153846153846
1,1,0,1,1,1,0,0,1,1,0,0.4438461538461539
1,1,0,1,1,1,0,0,1,1,1,0.39692307692307693
1,1,0,1,1,1,0,1,0,0,0,0.4407692307692308
1,1,0,1,1,1,0,1,0,0,1,0.4161538461538462
1,1,0,1,1,1,0,1,0,1,0,0.41692307692307695
1,1,0,1,1,1,0,1,0,1,1,0.4146153846153846
1,1,0,1,1,1,0,1,1,0,0,0.41692307692307695
1,1,0,1,1,1,0,1,1,0,1,0.3976923076923077
1,1,0,1,1,1,0,1,1,1,0,0.4015384615384615
1,1,0,1,1,1,0,1,1,1,1,0.40230769230769226
1,1,0,1,1,1,1,0,0,0,0,0.42692307692307696
1,1,0,1,1,1,1,0,0,0,1,0.4061538461538462
1,1,0,1,1,1,1,0,0,1,0,0.4361538461538461
1,1,0,1,1,1,1,0,0,1,1,0.40384615384615385
1,1,0,1,1,1,1,0,1,0,0,0.4246153846153846
1,1,0,1,1,1,1,0,1,0,1,0.3984615384615384
1,1,0,1,1,1,1,0,1,1,0,0.4115384615384615
1,1,0,1,1,1,1,0,1,1,1,0.3884615384615384
1,1,0,1,1,1,1,1,0,0,0,0.4246153846153846
1,1,0,1,1,1,1,1,0,0,1,0.4030769230769231
1,1,0,1,1,1,1,1,0,1,0,0.41230769230769226
1,1,0,1,1,1,1,1,0,1,1,0.38769230769230767
1,1,0,1,1,1,1,1,1,0,0,0.41846153846153844
1,1,0,1,1,1,1,1,1,0,1,0.4046153846153846
1,1,0,1,1,1,1,1,1,1,0,0.3984615384615384
1,1,0,1,1,1,1,1,1,1,1,0.3976923076923077
1,1,1,0,0,0,0,0,0,0,0,0.49615384615384617
1,1,1,0,0,0,0,0,0,0,1,0.4392307692307692
1,1,1,0,0,0,0,0,0,1,0,0.4869230769230769
1,1,1,0,0,0,0,0,0,1,1,0.42000000000000004
1,1,1,0,0,0,0,0,1,0,0,0.4707692307692307
1,1,1,0,0,0,0,0,1,0,1,0.433076923076923
1,1,1,0,0,0,0,0,1,1,0,0.4715384615384616
1,1,1,0,0,0,0,0,1,1,1,0.4146153846153846
1,1,1,0,0,0,0,1,0,0,0,0.46307692307692305
1,1,1,0,0,0,0,1,0,0,1,0.43153846153846154
1,1,1,0,0,0,0,1,0,1,0,0.4569230769230769
1,1,1,0,0,0,0,1,0,1,1,0.4276923076923077
1,1,1,0,0,0,0,1,1,0,0,0.4461538461538461
1,1,1,0,0,0,0,1,1,0,1,0.4246153846153846
1,1,1,0,0,0,0,1,1,1,0,0.446923076923077
1,1,1,0,0,0,0,1,1,1,1,0.42153846153846153
1,1,1,0,0,0,1,0,0,0,0,0.4723076923076923
1,1,1,0,0,0,1,0,0,0,1,0.4361538461538461
1,1,1,0,0,0,1,0,0,1,0,0.45461538461538464
1,1,1,0,0,0,1,0,0,1,1,0.41230769230769226
1,1,1,0,0,0,1,0,1,0,0,0.45461538461538464
1,1,1,0,0,0,1,0,1,0,1,0.43692307692307697
1,1,1,0,0,0,1,0,1,1,0,0.4461538461538461
1,1,1,0,0,0,1,0,1,1,1,0.4092307692307692
1,1,1,0,0,0,1,1,0,0,0,0.45461538461538464
1,1,1,0,0,0,1,1,0,0,1,0.4261538461538461
1,1,1,0,0,0,1,1,0,1,0,0.4584615384615385
1,1,1,0,0,0,1,1,0,1,1,0.40384615384615385
1,1,1,0,0,0,1,1,1,0,0,0.4453846153846154
1,1,1,0,0,0,1,1,1,0,1,0.42538461538461536
1,1,1,0,0,0,1,1,1,1,0,0.433076923076923
1,1,1,0,0,0,1,1,1,1,1,0.41846153846153844
1,1,1,0,0,1,0,0,0,0,0,0.48461538461538467
1,1,1,0,0,1,0,0,0,0,1,0.43692307692307697
1,1,1,0,0,1,0,0,0,1,0,0.4607692307692308
1,1,1,0,0,1,0,0,0,1,1,0.41230769230769226
1,1,1,0,0,1,0,0,1,0,0,0.47461538461538466
1,1,1,0,0,1,0,0,1,0,1,0.4246153846153846
1,1,1,0,0,1,0,0,1,1,0,0.4715384615384616
1,1,1,0,0,1,0,0,1,1,1,0.41230769230769226
1,1,1,0,0,1,0,1,0,0,0,0.4507692307692308
1,1,1,0,0,1,0,1,0,0,1,0.42846153846153845
1,1,1,0,0,1,0,1,0,1,0,0.44153846153846155
1,1,1,0,0,1,0,1,0,1,1,0.41230769230769226
1,1,1,0,0,1,0,1,1,0,0,0.4307692307692308
1,1,1,0,0,1,0,1,1,0,1,0.41000000000000003
1,1,1,0,0,1,0,1,1,1,0,0.4338461538461539
1,1,1,0,0,1,0,1,1,1,1,0.3930769230769231
1,1,1,0,0,1,1,0,0,0,0,0.4607692307692308
1,1,1,0,0,1,1,0,0,0,1,0.4261538461538461
1,1,1,0,0,1,1,0,0,1,0,0.45307692307692304
1,1,1,0,0,1,1,0,0,1,1,0.3984615384615384
1,1,1,0,0,1,1,0,1,0,0,0.4492307692307692
1,1,1,0,0,1,1,0,1,0,1,0.4192307692307692
1,1,1,0,0,1,1,0,1,1,0,0.43692307692307697
1,1,1,0,0,1,1,0,1,1,1,0.39538461538461533
1,1,1,0,0,1,1,1,0,0,0,0.4453846153846154
1,1,1,0,0,1,1,1,0,0,1,0.4115384615384615
1,1,1,0,0,1,1,1,0,1,0,0.44999999999999996
1,1,1,0,0,1,1,1,0,1,1,0.39230769230769236
1,1,1,0,0,1,1,1,1,0,0,0.4192307692307692
1,1,1,0,0,1,1,1,1,0,1,0.4061538461538462
1,1,1,0,0,1,1,1,1,1,0,0.4176923076923077
1,1,1,0,0,1,1,1,1,1,1,0.40384615384615385
1,1,1,0,1,0,0,0,0,0,0,0.4853846153846154
1,1,1,0,1,0,0,0,0,0,1,0.43999999999999995
1,1,1,0,1,0,0,0,0,1,0,0.46615384615384614
1,1,1,0,1,0,0,0,0,1,1,0.4223076923076923
1,1,1,0,1,0,0,0,1,0,0,0.45461538461538464
1,1,1,0,1,0,0,0,1,0,1,0.4192307692307692
1,1,1,0,1,0,0,0,1,1,0,0.4492307692307692
1,1,1,0,1,0,0,0,1,1,1,0.4076923076923077
1,1,1,0,1,0,0,1,0,0,0,0.4607692307692308
1,1,1,0,1,0,0,1,0,0,1,0.42692307692307696
1,1,1,0,1,0,0,1,0,1,0,0.44846153846153847
1,1,1,0,1,0,0,1,0,1,1,0.42307692307692313
1,1,1,0,1,0,0,1,1,0,0,0.4376923076923077
1,1,1,0,1,0,0,1,1,0,1,0.41384615384615386
1,1,1,0,1,0,0,1,1,1,0,0.4376923076923077
1,1,1,0,1,0,0,1,1,1,1,0.4107692307692308
1,1,1,0,1,0,1,0,0,0,0,0.4553846153846154
1,1,1,0,1,0,1,0,0,0,1,0.4361538461538461
1,1,1,0,1,0,1,0,0,1,0,0.44999999999999996
1,1,1,0,1,0,1,0,0,1,1,0.4176923076923077
1,1,1,0,1,0,1,0,1,0,0,0.43999999999999995
1,1,1,0,1,0,1,0,1,0,1,0.42000000000000004
1,1,1,0,1,0,1,0,1,1,0,0.4461538461538461
1,1,1,0,1,0,1,0,1,1,1,0.40230769230769226
1,1,1,0,1,0,1,1,0,0,0,0.4323076923076923
1,1,1,0,1,0,1,1,0,0,1,0.42000000000000004
1,1,1,0,1,0,1,1,0,1,0,0.43153846153846154
1,1,1,0,1,0,1,1,0,1,1,0.41538461538461535
1,1,1,0,1,0,1,1,1,0,0,0.4346153846153846
1,1,1,0,1,0,1,1,1,0,1,0.4161538461538462
1,1,1,0,1,0,1,1,1,1,0,0.4207692307692308
1,1,1,0,1,0,1,1,1,1,1,0.41538461538461535
1,1,1,0,1,1,0,0,0,0,0,0.4638461538461538
1,1,1,0,1,1,0,0,0,0,1,0.42538461538461536
1,1,1,0,1,1,0,0,0,1,0,0.4423076923076923
1,1,1,0,1,1,0,0,0,1,1,0.41846153846153844
1,1,1,0,1,1,0,0,1,0,0,0.4376923076923077
1,1,1,0,1,1,0,0,1,0,1,0.42538461538461536
1,1,1,0,1,1,0,0,1,1,0,0.4461538461538461
1,1,1,0,1,1,0,0,1,1,1,0.4061538461538462
1,1,1,0,1,1,0,1,0,0,0,0.44153846153846155
1,1,1,0,1,1,0,1,0,0,1,0.4130769230769231
1,1,1,0,1,1,0,1,0,1,0,0.4261538461538461
1,1,1,0,1,1,0,1,0,1,1,0.3946153846153846
1,1,1,0,1,1,0,1,1,0,0,0.4292307692307692
1,1,1,0,1,1,0,1,1,0,1,0.4015384615384615
1,1,1,0,1,1,0,1,1,1,0,0.4192307692307692
1,1,1,0,1,1,0,1,1,1,1,0.4061538461538462
1,1,1,0,1,1,1,0,0,0,0,0.43153846153846154
1,1,1,0,1,1,1,0,0,0,1,0.4223076923076923
1,1,1,0,1,1,1,0,0,1,0,0.4407692307692308
1,1,1,0,1,1,1,0,0,1,1,0.40384615384615385
1,1,1,0,1,1,1,0,1,0,0,0.42000000000000004
1,1,1,0,1,1,1,0,1,0,1,0.4107692307692308
1,1,1,0,1,1,1,0,1,1,0,0.43000000000000005
1,1,1,0,1,1,1,0,1,1,1,0.38769230769230767
1,1,1,0,1,1,1,1,0,0,0,0.4292307692307692
1,1,1,0,1,1,1,1,0,0,1,0.4146153846153846
1,1,1,0,1,1,1,1,0,1,0,0.42846153846153845
1,1,1,0,1,1,1,1,0,1,1,0.4061538461538462
1,1,1,0,1,1,1,1,1,0,0,0.4338461538461539
1,1,1,0,1,1,1,1,1,0,1,0.41230769230769226
1,1,1,0,1,1,1,1,1,1,0,0.4207692307692308
1,1,1,0,1,1,1,1,1,1,1,0.40384615384615385
1,1,1,1,0,0,0,0,0,0,0,0.4769230769230769
1,1,1,1,0,0,0,0,0,0,1,0.43153846153846154
1,1,1,1,0,0,0,0,0,1,0,0.46307692307692305
1,1,1,1,0,0,0,0,0,1,1,0.4292307692307692
1,1,1,1,0,0,0,0,1,0,0,0.45307692307692304
1,1,1,1,0,0,0,0,1,0,1,0.41230769230769226
1,1,1,1,0,0,0,0,1,1,0,0.4323076923076923
1,1,1,1,0,0,0,0,1,1,1,0.41230769230769226
1,1,1,1,0,0,0,1,0,0,0,0.43692307692307697
1,1,1,1,0,0,0,1,0,0,1,0.4030769230769231
1,1,1,1,0,0,0,1,0,1,0,0.44846153846153847
1,1,1,1,0,0,0,1,0,1,1,0.4238461538461539
1,1,1,1,0,0,0,1,1,0,0,0.4246153846153846
1,1,1,1,0,0,0,1,1,0,1,0.4015384615384615
1,1,1,1,0,0,0,1,1,1,0,0.42000000000000004
1,1,1,1,0,0,0,1,1,1,1,0.4061538461538462
1,1,1,1,0,0,1,0,0,0,0,0.45615384615384613
1,1,1,1,0,0,1,0,0,0,1,0.42538461538461536
1,1,1,1,0,0,1,0,0,1,0,0.4423076923076923
1,1,1,1,0,0,1,0,0,1,1,0.41384615384615386
1,1,1,1,0,0,1,0,1,0,0,0.4407692307692308
1,1,1,1,0,0,1,0,1,0,1,0.40692307692307694
1,1,1,1,0,0,1,0,1,1,0,0.4453846153846154
1,1,1,1,0,0,1,0,1,1,1,0.40538461538461534
1,1,1,1,0,0,1,1,0,0,0,0.43538461538461537
1,1,1,1,0,0,1,1,0,0,1,0.4130769230769231
1,1,1,1,0,0,1,1,0,1,0,0.41538461538461535
1,1,1,1,0,0,1,1,0,1,1,0.4092307692307692
1,1,1,1,0,0,1,1,1,0,0,0.41230769230769226
1,1,1,1,0,0,1,1,1,0,1,0.41000000000000003
1,1,1,1,0,0,1,1,1,1,0,0.4046153846153846
1,1,1,1,0,0,1,1,1,1,1,0.39538461538461533
1,1,1,1,0,1,0,0,0,0,0,0.45461538461538464
1,1,1,1,0,1,0,0,0,0,1,0.4261538461538461
1,1,1,1,0,1,0,0,0,1,0,0.4423076923076923
1,1,1,1,0,1,0,0,0,1,1,0.41230769230769226
1,1,1,1,0,1,0,0,1,0,0,0.45615384615384613
1,1,1,1,0,1,0,0,1,0,1,0.4130769230769231
1,1,1,1,0,1,0,0,1,1,0,0.43692307692307697
1,1,1,1,0,1,0,0,1,1,1,0.40230769230769226
1,1,1,1,0,1,0,1,0,0,0,0.4361538461538461
1,1,1,1,0,1,0,1,0,0,1,0.41000000000000003
1,1,1,1,0,1,0,1,0,1,0,0.4207692307692308
1,1,1,1,0,1,0,1,0,1,1,0.41000000000000003
1,1,1,1,0,1,0,1,1,0,0,0.41846153846153844
1,1,1,1,0,1,0,1,1,0,1,0.4
1,1,1,1,0,1,0,1,1,1,0,0.41384615384615386
1,1,1,1,0,1,0,1,1,1,1,0.3884615384615384
1,1,1,1,0,1,1,0,0,0,0,0.43153846153846154
1,1,1,1,0,1,1,0,0,0,1,0.40538461538461534
1,1,1,1,0,1,1,0,0,1,0,0.43153846153846154
1,1,1,1,0,1,1,0,0,1,1,0.3830769230769231
1,1,1,1,0,1,1,0,1,0,0,0.4246153846153846
1,1,1,1,0,1,1,0,1,0,1,0.3846153846153846
1,1,1,1,0,1,1,0,1,1,0,0.4307692307692308
1,1,1,1,0,1,1,0,1,1,1,0.3946153846153846
1,1,1,1,0,1,1,1,0,0,0,0.4346153846153846
1,1,1,1,0,1,1,1,0,0,1,0.4107692307692308
1,1,1,1,0,1,1,1,0,1,0,0.4076923076923077
1,1,1,1,0,1,1,1,0,1,1,0.40076923076923077
1,1,1,1,0,1,1,1,1,0,0,0.4015384615384615
1,1,1,1,0,1,1,1,1,0,1,0.3930769230769231
1,1,1,1,0,1,1,1,1,1,0,0.40846153846153843
1,1,1,1,0,1,1,1,1,1,1,0.38769230769230767
1,1,1,1,1,0,0,0,0,0,0,0.4584615384615385
1,1,1,1,1,0,0,0,0,0,1,0.4338461538461539
1,1,1,1,1,0,0,0,0,1,0,0.4584615384615385
1,1,1,1,1,0,0,0,0,1,1,0.41538461538461535
1,1,1,1,1,0,0,0,1,0,0,0.44153846153846155
1,1,1,1,1,0,0,0,1,0,1,0.41230769230769226
1,1,1,1,1,0,0,0,1,1,0,0.45615384615384613
1,1,1,1,1,0,0,0,1,1,1,0.4192307692307692
1,1,1,1,1,0,0,1,0,0,0,0.4476923076923077
1,1,1,1,1,0,0,1,0,0,1,0.4207692307692308
1,1,1,1,1,0,0,1,0,1,0,0.4376923076923077
1,1,1,1,1,0,0,1,0,1,1,0.42153846153846153
1,1,1,1,1,0,0,1,1,0,0,0.4246153846153846
1,1,1,1,1,0,0,1,1,0,1,0.40692307692307694
1,1,1,1,1,0,0,1,1,1,0,0.4223076923076923
1,1,1,1,1,0,0,1,1,1,1,0.40230769230769226
1,1,1,1,1,0,1,0,0,0,0,0.43000000000000005
1,1,1,1,1,0,1,0,0,0,1,0.4246153846153846
1,1,1,1,1,0,1,0,0,1,0,0.42692307692307696
1,1,1,1,1,0,1,0,0,1,1,0.4146153846153846
1,1,1,1,1,0,1,0,1,0,0,0.42538461538461536
1,1,1,1,1,0,1,0,1,0,1,0.4076923076923077
1,1,1,1,1,0,1,0,1,1,0,0.43000000000000005
1,1,1,1,1,0,1,0,1,1,1,0.40230769230769226
1,1,1,1,1,0,1,1,0,0,0,0.42692307692307696
1,1,1,1,1,0,1,1,0,0,1,0.41384615384615386
1,1,1,1,1,0,1,1,0,1,0,0.42307692307692313
1,1,1,1,1,0,1,1,0,1,1,0.41000000000000003
1,1,1,1,1,0,1,1,1,0,0,0.4192307692307692
1,1,1,1,1,0,1,1,1,0,1,0.41230769230769226
1,1,1,1,1,0,1,1,1,1,0,0.40384615384615385
1,1,1,1,1,0,1,1,1,1,1,0.4061538461538462
1,1,1,1,1,1,0,0,0,0,0,0.433076923076923
1,1,1,1,1,1,0,0,0,0,1,0.4146153846153846
1,1,1,1,1,1,0,0,0,1,0,0.43846153846153846
1,1,1,1,1,1,0,0,0,1,1,0.4030769230769231
1,1,1,1,1,1,0,0,1,0,0,0.4261538461538461
1,1,1,1,1,1,0,0,1,0,1,0.4115384615384615
1,1,1,1,1,1,0,0,1,1,0,0.43000000000000005
1,1,1,1,1,1,0,0,1,1,1,0.39230769230769236
1,1,1,1,1,1,0,1,0,0,0,0.43000000000000005
1,1,1,1,1,1,0,1,0,0,1,0.4115384615384615
1,1,1,1,1,1,0,1,0,1,0,0.4246153846153846
1,1,1,1,1,1,0,1,0,1,1,0.3976923076923077
1,1,1,1,1,1,0,1,1,0,0,0.40692307692307694
1,1,1,1,1,1,0,1,1,0,1,0.3992307692307693
1,1,1,1,1,1,0,1,1,1,0,0.41000000000000003
1,1,1,1,1,1,0,1,1,1,1,0.4
1,1,1,1,1,1,1,0,0,0,0,0.4246153846153846
1,1,1,1,1,1,1,0,0,0,1,0.39692307692307693
1,1,1,1,1,1,1,0,0,1,0,0.42538461538461536
1,1,1,1,1,1,1,0,0,1,1,0.40538461538461534
1,1,1,1,1,1,1,0,1,0,0,0.42000000000000004
1,1,1,1,1,1,1,0,1,0,1,0.39076923076923076
1,1,1,1,1,1,1,0,1,1,0,0.43153846153846154
1,1,1,1,1,1,1,0,1,1,1,0.39
1,1,1,1,1,1,1,1,0,0,0,0.42000000000000004
1,1,1,1,1,1,1,1,0,0,1,0.40384615384615385
1,1,1,1,1,1,1,1,0,1,0,0.40846153846153843
1,1,1,1,1,1,1,1,0,1,1,0.4
1,1,1,1,1,1,1,1,1,0,0,0.40692307692307694
1,1,1,1,1,1,1,1,1,0,1,0.40538461538461534
1,1,1,1,1,1,1,1,1,1,0,0.41538461538461535
1,1,1,1,1,1,1,1,1,1,1,0.3992307692307693
