clump_thickness,cell_size_uniformity,cell_shape_uniformity,marginal_adhesion,epithelial_cell_size,bare_nuclei,bland_chromatin,normal_nucleoli,mitoses,Fit
0,0,0,0,0,0,0,0,1,0.8071428571428572
0,0,0,0,0,0,0,1,0,0.8785714285714286
0,0,0,0,0,0,0,1,1,0.8857142857142857
0,0,0,0,0,0,1,0,0,0.8928571428571429
0,0,0,0,0,0,1,0,1,0.9071428571428571
0,0,0,0,0,0,1,1,0,0.9285714285714286
0,0,0,0,0,0,1,1,1,0.9285714285714286
0,0,0,0,0,1,0,0,0,0.9071428571428571
0,0,0,0,0,1,0,0,1,0.9071428571428571
0,0,0,0,0,1,0,1,0,0.9571428571428572
0,0,0,0,0,1,0,1,1,0.9642857142857143
0,0,0,0,0,1,1,0,0,0.9357142857142857
0,0,0,0,0,1,1,0,1,0.95
0,0,0,0,0,1,1,1,0,0.9214285714285714
0,0,0,0,0,1,1,1,1,0.9357142857142857
0,0,0,0,1,0,0,0,0,0.8857142857142857
0,0,0,0,1,0,0,0,1,0.8785714285714286
0,0,0,0,1,0,0,1,0,0.8857142857142857
0,0,0,0,1,0,0,1,1,0.8928571428571429
0,0,0,0,1,0,1,0,0,0.9285714285714286
0,0,0,0,1,0,1,0,1,0.9214285714285714
0,0,0,0,1,0,1,1,0,0.9142857142857143
0,0,0,0,1,0,1,1,1,0.9214285714285714
0,0,0,0,1,1,0,0,0,0.9285714285714286
0,0,0,0,1,1,0,0,1,0.9357142857142857
0,0,0,0,1,1,0,1,0,0.95
0,0,0,0,1,1,0,1,1,0.9571428571428572
0,0,0,0,1,1,1,0,0,0.9428571428571428
0,0,0,0,1,1,1,0,1,0.9571428571428572
0,0,0,0,1,1,1,1,0,0.9571428571428572
0,0,0,0,1,1,1,1,1,0.95
0,0,0,1,0,0,0,0,0,0.9
0,0,0,1,0,0,0,0,1,0.9142857142857143
0,0,0,1,0,0,0,1,0,0.9214285714285714
0,0,0,1,0,0,0,1,1,0.9071428571428571
0,0,0,1,0,0,1,0,0,0.8928571428571429
0,0,0,1,0,0,1,0,1,0.9142857142857143
0,0,0,1,0,0,1,1,0,0.9428571428571428
0,0,0,1,0,0,1,1,1,0.9571428571428572
0,0,0,1,0,1,0,0,0,0.9285714285714286
0,0,0,1,0,1,0,0,1,0.95
0,0,0,1,0,1,0,1,0,0.9642857142857143
0,0,0,1,0,1,0,1,1,0.9571428571428572
0,0,0,1,0,1,1,0,0,0.9357142857142857
0,0,0,1,0,1,1,0,1,0.9428571428571428
0,0,0,1,0,1,1,1,0,0.95
0,0,0,1,0,1,1,1,1,0.9571428571428572
0,0,0,1,1,0,0,0,0,0.9071428571428571
0,0,0,1,1,0,0,0,1,0.9357142857142857
0,0,0,1,1,0,0,1,0,0.9428571428571428
0,0,0,1,1,0,0,1,1,0.9428571428571428
0,0,0,1,1,0,1,0,0,0.9357142857142857
0,0,0,1,1,0,1,0,1,0.9428571428571428
0,0,0,1,1,0,1,1,0,0.9285714285714286
0,0,0,1,1,0,1,1,1,0.9357142857142857
0,0,0,1,1,1,0,0,0,0.9214285714285714
0,0,0,1,1,1,0,0,1,0.9357142857142857
0,0,0,1,1,1,0,1,0,0.95
0,0,0,1,1,1,0,1,1,0.9571428571428572
0,0,0,1,1,1,1,0,0,0.95
0,0,0,1,1,1,1,0,1,0.9428571428571428
0,0,0,1,1,1,1,1,0,0.9428571428571428
0,0,0,1,1,1,1,1,1,0.9571428571428572
0,0,1,0,0,0,0,0,0,0.9071428571428571
0,0,1,0,0,0,0,0,1,0.9357142857142857
0,0,1,0,0,0,0,1,0,0.9357142857142857
0,0,1,0,0,0,0,1,1,0.95
0,0,1,0,0,0,1,0,0,0.9357142857142857
0,0,1,0,0,0,1,0,1,0.9571428571428572
0,0,1,0,0,0,1,1,0,0.9428571428571428
0,0,1,0,0,0,1,1,1,0.9428571428571428
0,0,1,0,0,1,0,0,0,0.9357142857142857
0,0,1,0,0,1,0,0,1,0.95
0,0,1,0,0,1,0,1,0,0.9428571428571428
0,0,1,0,0,1,0,1,1,0.9357142857142857
0,0,1,0,0,1,1,0,0,0.9571428571428572
0,0,1,0,0,1,1,0,1,0.9642857142857143
0,0,1,0,0,1,1,1,0,0.9428571428571428
0,0,1,0,0,1,1,1,1,0.9428571428571428
0,0,1,0,1,0,0,0,0,0.95
0,0,1,0,1,0,0,0,1,0.9571428571428572
0,0,1,0,1,0,0,1,0,0.95
0,0,1,0,1,0,0,1,1,0.95
0,0,1,0,1,0,1,0,0,0.9571428571428572
0,0,1,0,1,0,1,0,1,0.9571428571428572
0,0,1,0,1,0,1,1,0,0.9571428571428572
0,0,1,0,1,0,1,1,1,0.9571428571428572
0,0,1,0,1,1,0,0,0,0.95
0,0,1,0,1,1,0,0,1,0.95
0,0,1,0,1,1,0,1,0,0.9357142857142857
0,0,1,0,1,1,0,1,1,0.9285714285714286
0,0,1,0,1,1,1,0,0,0.95
0,0,1,0,1,1,1,0,1,0.9571428571428572
0,0,1,0,1,1,1,1,0,0.9428571428571428
0,0,1,0,1,1,1,1,1,0.9357142857142857
0,0,1,1,0,0,0,0,0,0.9214285714285714
0,0,1,1,0,0,0,0,1,0.9428571428571428
0,0,1,1,0,0,0,1,0,0.95
0,0,1,1,0,0,0,1,1,0.9714285714285714
0,0,1,1,0,0,1,0,0,0.9571428571428572
0,0,1,1,0,0,1,0,1,0.95
0,0,1,1,0,0,1,1,0,0.9428571428571428
0,0,1,1,0,0,1,1,1,0.9428571428571428
0,0,1,1,0,1,0,0,0,0.9428571428571428
0,0,1,1,0,1,0,0,1,0.95
0,0,1,1,0,1,0,1,0,0.9357142857142857
0,0,1,1,0,1,0,1,1,0.9428571428571428
0,0,1,1,0,1,1,0,0,0.95
0,0,1,1,0,1,1,0,1,0.9428571428571428
0,0,1,1,0,1,1,1,0,0.95
0,0,1,1,0,1,1,1,1,0.95
0,0,1,1,1,0,0,0,0,0.9428571428571428
0,0,1,1,1,0,0,0,1,0.9714285714285714
0,0,1,1,1,0,0,1,0,0.95
0,0,1,1,1,0,0,1,1,0.95
0,0,1,1,1,0,1,0,0,0.9571428571428572
0,0,1,1,1,0,1,0,1,0.9428571428571428
0,0,1,1,1,0,1,1,0,0.95
0,0,1,1,1,0,1,1,1,0.9642857142857143
0,0,1,1,1,1,0,0,0,0.95
0,0,1,1,1,1,0,0,1,0.9428571428571428
0,0,1,1,1,1,0,1,0,0.9285714285714286
0,0,1,1,1,1,0,1,1,0.9357142857142857
0,0,1,1,1,1,1,0,0,0.9357142857142857
0,0,1,1,1,1,1,0,1,0.9357142857142857
0,0,1,1,1,1,1,1,0,0.9428571428571428
0,0,1,1,1,1,1,1,1,0.9428571428571428
0,1,0,0,0,0,0,0,0,0.9285714285714286
0,1,0,0,0,0,0,0,1,0.9285714285714286
0,1,0,0,0,0,0,1,0,0.9285714285714286
0,1,0,0,0,0,0,1,1,0.9142857142857143
0,1,0,0,0,0,1,0,0,0.9428571428571428
0,1,0,0,0,0,1,0,1,0.95
0,1,0,0,0,0,1,1,0,0.9428571428571428
0,1,0,0,0,0,1,1,1,0.9357142857142857
0,1,0,0,0,1,0,0,0,0.9428571428571428
0,1,0,0,0,1,0,0,1,0.9571428571428572
0,1,0,0,0,1,0,1,0,0.95
0,1,0,0,0,1,0,1,1,0.9428571428571428
0,1,0,0,0,1,1,0,0,0.95
0,1,0,0,0,1,1,0,1,0.95
0,1,0,0,0,1,1,1,0,0.9428571428571428
0,1,0,0,0,1,1,1,1,0.9428571428571428
0,1,0,0,1,0,0,0,0,0.9571428571428572
0,1,0,0,1,0,0,0,1,0.9357142857142857
0,1,0,0,1,0,0,1,0,0.9285714285714286
0,1,0,0,1,0,0,1,1,0.9214285714285714
0,1,0,0,1,0,1,0,0,0.95
0,1,0,0,1,0,1,0,1,0.9571428571428572
0,1,0,0,1,0,1,1,0,0.9428571428571428
0,1,0,0,1,0,1,1,1,0.9428571428571428
0,1,0,0,1,1,0,0,0,0.9357142857142857
0,1,0,0,1,1,0,0,1,0.9428571428571428
0,1,0,0,1,1,0,1,0,0.9428571428571428
0,1,0,0,1,1,0,1,1,0.95
0,1,0,0,1,1,1,0,0,0.9142857142857143
0,1,0,0,1,1,1,0,1,0.9285714285714286
0,1,0,0,1,1,1,1,0,0.95
0,1,0,0,1,1,1,1,1,0.9428571428571428
0,1,0,1,0,0,0,0,0,0.9142857142857143
0,1,0,1,0,0,0,0,1,0.9285714285714286
0,1,0,1,0,0,0,1,0,0.9357142857142857
0,1,0,1,0,0,0,1,1,0.9357142857142857
0,1,0,1,0,0,1,0,0,0.9428571428571428
0,1,0,1,0,0,1,0,1,0.95
0,1,0,1,0,0,1,1,0,0.9357142857142857
0,1,0,1,0,0,1,1,1,0.9428571428571428
0,1,0,1,0,1,0,0,0,0.95
0,1,0,1,0,1,0,0,1,0.95
0,1,0,1,0,1,0,1,0,0.9428571428571428
0,1,0,1,0,1,0,1,1,0.9428571428571428
0,1,0,1,0,1,1,0,0,0.9428571428571428
0,1,0,1,0,1,1,0,1,0.9357142857142857
0,1,0,1,0,1,1,1,0,0.9428571428571428
0,1,0,1,0,1,1,1,1,0.95
0,1,0,1,1,0,0,0,0,0.95
0,1,0,1,1,0,0,0,1,0.9571428571428572
0,1,0,1,1,0,0,1,0,0.9357142857142857
0,1,0,1,1,0,0,1,1,0.9357142857142857
0,1,0,1,1,0,1,0,0,0.95
0,1,0,1,1,0,1,0,1,0.9571428571428572
0,1,0,1,1,0,1,1,0,0.9428571428571428
0,1,0,1,1,0,1,1,1,0.9357142857142857
0,1,0,1,1,1,0,0,0,0.95
0,1,0,1,1,1,0,0,1,0.9428571428571428
0,1,0,1,1,1,0,1,0,0.95
0,1,0,1,1,1,0,1,1,0.9428571428571428
0,1,0,1,1,1,1,0,0,0.9357142857142857
0,1,0,1,1,1,1,0,1,0.9357142857142857
0,1,0,1,1,1,1,1,0,0.9571428571428572
0,1,0,1,1,1,1,1,1,0.9357142857142857
0,1,1,0,0,0,0,0,0,0.95
0,1,1,0,0,0,0,0,1,0.9642857142857143
0,1,1,0,0,0,0,1,0,0.95
0,1,1,0,0,0,0,1,1,0.95
0,1,1,0,0,0,1,0,0,0.9571428571428572
0,1,1,0,0,0,1,0,1,0.95
0,1,1,0,0,0,1,1,0,0.9571428571428572
0,1,1,0,0,0,1,1,1,0.9571428571428572
0,1,1,0,0,1,0,0,0,0.9428571428571428
0,1,1,0,0,1,0,0,1,0.95
0,1,1,0,0,1,0,1,0,0.9428571428571428
0,1,1,0,0,1,0,1,1,0.9428571428571428
0,1,1,0,0,1,1,0,0,0.9571428571428572
0,1,1,0,0,1,1,0,1,0.95
0,1,1,0,0,1,1,1,0,0.95
0,1,1,0,0,1,1,1,1,0.95
0,1,1,0,1,0,0,0,0,0.9571428571428572
0,1,1,0,1,0,0,0,1,0.9642857142857143
0,1,1,0,1,0,0,1,0,0.9428571428571428
0,1,1,0,1,0,0,1,1,0.9571428571428572
0,1,1,0,1,0,1,0,0,0.95
0,1,1,0,1,0,1,0,1,0.9571428571428572
0,1,1,0,1,0,1,1,0,0.9642857142857143
0,1,1,0,1,0,1,1,1,0.9571428571428572
0,1,1,0,1,1,0,0,0,0.9357142857142857
0,1,1,0,1,1,0,0,1,0.9357142857142857
0,1,1,0,1,1,0,1,0,0.95
0,1,1,0,1,1,0,1,1,0.9428571428571428
0,1,1,0,1,1,1,0,0,0.95
0,1,1,0,1,1,1,0,1,0.95
0,1,1,0,1,1,1,1,0,0.95
0,1,1,0,1,1,1,1,1,0.95
0,1,1,1,0,0,0,0,0,0.95
0,1,1,1,0,0,0,0,1,0.9642857142857143
0,1,1,1,0,0,0,1,0,0.95
0,1,1,1,0,0,0,1,1,0.9571428571428572
0,1,1,1,0,0,1,0,0,0.95
0,1,1,1,0,0,1,0,1,0.9571428571428572
0,1,1,1,0,0,1,1,0,0.9714285714285714
0,1,1,1,0,0,1,1,1,0.9571428571428572
0,1,1,1,0,1,0,0,0,0.9571428571428572
0,1,1,1,0,1,0,0,1,0.95
0,1,1,1,0,1,0,1,0,0.9571428571428572
0,1,1,1,0,1,0,1,1,0.95
0,1,1,1,0,1,1,0,0,0.95
0,1,1,1,0,1,1,0,1,0.9571428571428572
0,1,1,1,0,1,1,1,0,0.9571428571428572
0,1,1,1,0,1,1,1,1,0.9571428571428572
0,1,1,1,1,0,0,0,0,0.9571428571428572
0,1,1,1,1,0,0,0,1,0.9642857142857143
0,1,1,1,1,0,0,1,0,0.9571428571428572
0,1,1,1,1,0,0,1,1,0.9571428571428572
0,1,1,1,1,0,1,0,0,0.95
0,1,1,1,1,0,1,0,1,0.95
0,1,1,1,1,0,1,1,0,0.9642857142857143
0,1,1,1,1,0,1,1,1,0.9785714285714285
0,1,1,1,1,1,0,0,0,0.9428571428571428
0,1,1,1,1,1,0,0,1,0.9571428571428572
0,1,1,1,1,1,0,1,0,0.9571428571428572
0,1,1,1,1,1,0,1,1,0.95
0,1,1,1,1,1,1,0,0,0.9642857142857143
0,1,1,1,1,1,1,0,1,0.9714285714285714
0,1,1,1,1,1,1,1,0,0.95
0,1,1,1,1,1,1,1,1,0.9571428571428572
1,0,0,0,0,0,0,0,0,0.8428571428571429
1,0,0,0,0,0,0,0,1,0.9142857142857143
1,0,0,0,0,0,0,1,0,0.9142857142857143
1,0,0,0,0,0,0,1,1,0.9142857142857143
1,0,0,0,0,0,1,0,0,0.9285714285714286
1,0,0,0,0,0,1,0,1,0.9357142857142857
1,0,0,0,0,0,1,1,0,0.9142857142857143
1,0,0,0,0,0,1,1,1,0.9285714285714286
1,0,0,0,0,1,0,0,0,0.9571428571428572
1,0,0,0,0,1,0,0,1,0.9642857142857143
1,0,0,0,0,1,0,1,0,0.9642857142857143
1,0,0,0,0,1,0,1,1,0.9714285714285714
1,0,0,0,0,1,1,0,0,0.9642857142857143
1,0,0,0,0,1,1,0,1,0.9714285714285714
1,0,0,0,0,1,1,1,0,0.9642857142857143
1,0,0,0,0,1,1,1,1,0.9642857142857143
1,0,0,0,1,0,0,0,0,0.8857142857142857
1,0,0,0,1,0,0,0,1,0.9
1,0,0,0,1,0,0,1,0,0.9285714285714286
1,0,0,0,1,0,0,1,1,0.9357142857142857
1,0,0,0,1,0,1,0,0,0.9357142857142857
1,0,0,0,1,0,1,0,1,0.9357142857142857
1,0,0,0,1,0,1,1,0,0.95
1,0,0,0,1,0,1,1,1,0.95
1,0,0,0,1,1,0,0,0,0.9571428571428572
1,0,0,0,1,1,0,0,1,0.95
1,0,0,0,1,1,0,1,0,0.9642857142857143
1,0,0,0,1,1,0,1,1,0.9571428571428572
1,0,0,0,1,1,1,0,0,0.9571428571428572
1,0,0,0,1,1,1,0,1,0.9571428571428572
1,0,0,0,1,1,1,1,0,0.9857142857142858
1,0,0,0,1,1,1,1,1,0.9857142857142858
1,0,0,1,0,0,0,0,0,0.9571428571428572
1,0,0,1,0,0,0,0,1,0.9642857142857143
1,0,0,1,0,0,0,1,0,0.9285714285714286
1,0,0,1,0,0,0,1,1,0.9285714285714286
1,0,0,1,0,0,1,0,0,0.95
1,0,0,1,0,0,1,0,1,0.95
1,0,0,1,0,0,1,1,0,0.95
1,0,0,1,0,0,1,1,1,0.95
1,0,0,1,0,1,0,0,0,0.9642857142857143
1,0,0,1,0,1,0,0,1,0.9642857142857143
1,0,0,1,0,1,0,1,0,0.9714285714285714
1,0,0,1,0,1,0,1,1,0.9785714285714285
1,0,0,1,0,1,1,0,0,0.95
1,0,0,1,0,1,1,0,1,0.9714285714285714
1,0,0,1,0,1,1,1,0,0.9571428571428572
1,0,0,1,0,1,1,1,1,0.9642857142857143
1,0,0,1,1,0,0,0,0,0.9214285714285714
1,0,0,1,1,0,0,0,1,0.9285714285714286
1,0,0,1,1,0,0,1,0,0.95
1,0,0,1,1,0,0,1,1,0.9642857142857143
1,0,0,1,1,0,1,0,0,0.9571428571428572
1,0,0,1,1,0,1,0,1,0.9571428571428572
1,0,0,1,1,0,1,1,0,0.9571428571428572
1,0,0,1,1,0,1,1,1,0.9571428571428572
1,0,0,1,1,1,0,0,0,0.95
1,0,0,1,1,1,0,0,1,0.95
1,0,0,1,1,1,0,1,0,0.9642857142857143
1,0,0,1,1,1,0,1,1,0.9642857142857143
1,0,0,1,1,1,1,0,0,0.95
1,0,0,1,1,1,1,0,1,0.9428571428571428
1,0,0,1,1,1,1,1,0,0.9571428571428572
1,0,0,1,1,1,1,1,1,0.9571428571428572
1,0,1,0,0,0,0,0,0,0.9285714285714286
1,0,1,0,0,0,0,0,1,0.9285714285714286
1,0,1,0,0,0,0,1,0,0.9642857142857143
1,0,1,0,0,0,0,1,1,0.9571428571428572
1,0,1,0,0,0,1,0,0,0.9428571428571428
1,0,1,0,0,0,1,0,1,0.9428571428571428
1,0,1,0,0,0,1,1,0,0.95
1,0,1,0,0,0,1,1,1,0.95
1,0,1,0,0,1,0,0,0,0.9571428571428572
1,0,1,0,0,1,0,0,1,0.95
1,0,1,0,0,1,0,1,0,0.95
1,0,1,0,0,1,0,1,1,0.9571428571428572
1,0,1,0,0,1,1,0,0,0.95
1,0,1,0,0,1,1,0,1,0.9428571428571428
1,0,1,0,0,1,1,1,0,0.9571428571428572
1,0,1,0,0,1,1,1,1,0.9571428571428572
1,0,1,0,1,0,0,0,0,0.9285714285714286
1,0,1,0,1,0,0,0,1,0.9357142857142857
1,0,1,0,1,0,0,1,0,0.9642857142857143
1,0,1,0,1,0,0,1,1,0.9642857142857143
1,0,1,0,1,0,1,0,0,0.95
1,0,1,0,1,0,1,0,1,0.95
1,0,1,0,1,0,1,1,0,0.95
1,0,1,0,1,0,1,1,1,0.95
1,0,1,0,1,1,0,0,0,0.9571428571428572
1,0,1,0,1,1,0,0,1,0.9642857142857143
1,0,1,0,1,1,0,1,0,0.9571428571428572
1,0,1,0,1,1,0,1,1,0.9571428571428572
1,0,1,0,1,1,1,0,0,0.9571428571428572
1,0,1,0,1,1,1,0,1,0.9571428571428572
1,0,1,0,1,1,1,1,0,0.9642857142857143
1,0,1,0,1,1,1,1,1,0.9642857142857143
1,0,1,1,0,0,0,0,0,0.9428571428571428
1,0,1,1,0,0,0,0,1,0.9428571428571428
1,0,1,1,0,0,0,1,0,0.9571428571428572
1,0,1,1,0,0,0,1,1,0.9571428571428572
1,0,1,1,0,0,1,0,0,0.9428571428571428
1,0,1,1,0,0,1,0,1,0.9357142857142857
1,0,1,1,0,0,1,1,0,0.95
1,0,1,1,0,0,1,1,1,0.9571428571428572
1,0,1,1,0,1,0,0,0,0.9571428571428572
1,0,1,1,0,1,0,0,1,0.9571428571428572
1,0,1,1,0,1,0,1,0,0.9571428571428572
1,0,1,1,0,1,0,1,1,0.9571428571428572
1,0,1,1,0,1,1,0,0,0.95
1,0,1,1,0,1,1,0,1,0.95
1,0,1,1,0,1,1,1,0,0.9642857142857143
1,0,1,1,0,1,1,1,1,0.9571428571428572
1,0,1,1,1,0,0,0,0,0.9571428571428572
1,0,1,1,1,0,0,0,1,0.9642857142857143
1,0,1,1,1,0,0,1,0,0.9571428571428572
1,0,1,1,1,0,0,1,1,0.9571428571428572
1,0,1,1,1,0,1,0,0,0.9428571428571428
1,0,1,1,1,0,1,0,1,0.9428571428571428
1,0,1,1,1,0,1,1,0,0.9428571428571428
1,0,1,1,1,0,1,1,1,0.9642857142857143
1,0,1,1,1,1,0,0,0,0.95
1,0,1,1,1,1,0,0,1,0.95
1,0,1,1,1,1,0,1,0,0.9642857142857143
1,0,1,1,1,1,0,1,1,0.9642857142857143
1,0,1,1,1,1,1,0,0,0.9571428571428572
1,0,1,1,1,1,1,0,1,0.9428571428571428
1,0,1,1,1,1,1,1,0,0.9642857142857143
1,0,1,1,1,1,1,1,1,0.9642857142857143
1,1,0,0,0,0,0,0,0,0.9285714285714286
1,1,0,0,0,0,0,0,1,0.9428571428571428
1,1,0,0,0,0,0,1,0,0.9357142857142857
1,1,0,0,0,0,0,1,1,0.9428571428571428
1,1,0,0,0,0,1,0,0,0.9428571428571428
1,1,0,0,0,0,1,0,1,0.95
1,1,0,0,0,0,1,1,0,0.9285714285714286
1,1,0,0,0,0,1,1,1,0.9428571428571428
1,1,0,0,0,1,0,0,0,0.9571428571428572
1,1,0,0,0,1,0,0,1,0.95
1,1,0,0,0,1,0,1,0,0.9642857142857143
1,1,0,0,0,1,0,1,1,0.9642857142857143
1,1,0,0,0,1,1,0,0,0.95
1,1,0,0,0,1,1,0,1,0.95
1,1,0,0,0,1,1,1,0,0.9571428571428572
1,1,0,0,0,1,1,1,1,0.9571428571428572
1,1,0,0,1,0,0,0,0,0.9285714285714286
1,1,0,0,1,0,0,0,1,0.9357142857142857
1,1,0,0,1,0,0,1,0,0.9285714285714286
1,1,0,0,1,0,0,1,1,0.9357142857142857
1,1,0,0,1,0,1,0,0,0.95
1,1,0,0,1,0,1,0,1,0.95
1,1,0,0,1,0,1,1,0,0.9428571428571428
1,1,0,0,1,0,1,1,1,0.9428571428571428
1,1,0,0,1,1,0,0,0,0.9571428571428572
1,1,0,0,1,1,0,0,1,0.9428571428571428
1,1,0,0,1,1,0,1,0,0.95
1,1,0,0,1,1,0,1,1,0.9428571428571428
1,1,0,0,1,1,1,0,0,0.9642857142857143
1,1,0,0,1,1,1,0,1,0.9642857142857143
1,1,0,0,1,1,1,1,0,0.95
1,1,0,0,1,1,1,1,1,0.95
1,1,0,1,0,0,0,0,0,0.9357142857142857
1,1,0,1,0,0,0,0,1,0.95
1,1,0,1,0,0,0,1,0,0.9571428571428572
1,1,0,1,0,0,0,1,1,0.9571428571428572
1,1,0,1,0,0,1,0,0,0.9285714285714286
1,1,0,1,0,0,1,0,1,0.9357142857142857
1,1,0,1,0,0,1,1,0,0.9214285714285714
1,1,0,1,0,0,1,1,1,0.9214285714285714
1,1,0,1,0,1,0,0,0,0.95
1,1,0,1,0,1,0,0,1,0.95
1,1,0,1,0,1,0,1,0,0.9571428571428572
1,1,0,1,0,1,0,1,1,0.9571428571428572
1,1,0,1,0,1,1,0,0,0.95
1,1,0,1,0,1,1,0,1,0.95
1,1,0,1,0,1,1,1,0,0.9642857142857143
1,1,0,1,0,1,1,1,1,0.9642857142857143
1,1,0,1,1,0,0,0,0,0.9357142857142857
1,1,0,1,1,0,0,0,1,0.9571428571428572
1,1,0,1,1,0,0,1,0,0.9428571428571428
1,1,0,1,1,0,0,1,1,0.9571428571428572
1,1,0,1,1,0,1,0,0,0.9357142857142857
1,1,0,1,1,0,1,0,1,0.9214285714285714
1,1,0,1,1,0,1,1,0,0.9357142857142857
1,1,0,1,1,0,1,1,1,0.9285714285714286
1,1,0,1,1,1,0,0,0,0.9571428571428572
1,1,0,1,1,1,0,0,1,0.9571428571428572
1,1,0,1,1,1,0,1,0,0.9428571428571428
1,1,0,1,1,1,0,1,1,0.95
1,1,0,1,1,1,1,0,0,0.9428571428571428
1,1,0,1,1,1,1,0,1,0.9428571428571428
1,1,0,1,1,1,1,1,0,0.95
1,1,0,1,1,1,1,1,1,0.9571428571428572
1,1,1,0,0,0,0,0,0,0.9642857142857143
1,1,1,0,0,0,0,0,1,0.9642857142857143
1,1,1,0,0,0,0,1,0,0.9642857142857143
1,1,1,0,0,0,0,1,1,0.9642857142857143
1,1,1,0,0,0,1,0,0,0.95
1,1,1,0,0,0,1,0,1,0.95
1,1,1,0,0,0,1,1,0,0.9571428571428572
1,1,1,0,0,0,1,1,1,0.9571428571428572
1,1,1,0,0,1,0,0,0,0.9357142857142857
1,1,1,0,0,1,0,0,1,0.95
1,1,1,0,0,1,0,1,0,0.9571428571428572
1,1,1,0,0,1,0,1,1,0.9642857142857143
1,1,1,0,0,1,1,0,0,0.9571428571428572
1,1,1,0,0,1,1,0,1,0.9571428571428572
1,1,1,0,0,1,1,1,0,0.9571428571428572
1,1,1,0,0,1,1,1,1,0.9642857142857143
1,1,1,0,1,0,0,0,0,0.9428571428571428
1,1,1,0,1,0,0,0,1,0.9642857142857143
1,1,1,0,1,0,0,1,0,0.9571428571428572
1,1,1,0,1,0,0,1,1,0.9571428571428572
1,1,1,0,1,0,1,0,0,0.95
1,1,1,0,1,0,1,0,1,0.9428571428571428
1,1,1,0,1,0,1,1,0,0.9285714285714286
1,1,1,0,1,0,1,1,1,0.9285714285714286
1,1,1,0,1,1,0,0,0,0.9357142857142857
1,1,1,0,1,1,0,0,1,0.9357142857142857
1,1,1,0,1,1,0,1,0,0.95
1,1,1,0,1,1,0,1,1,0.95
1,1,1,0,1,1,1,0,0,0.95
1,1,1,0,1,1,1,0,1,0.95
1,1,1,0,1,1,1,1,0,0.95
1,1,1,0,1,1,1,1,1,0.9571428571428572
1,1,1,1,0,0,0,0,0,0.9571428571428572
1,1,1,1,0,0,0,0,1,0.9714285714285714
1,1,1,1,0,0,0,1,0,0.9714285714285714
1,1,1,1,0,0,0,1,1,0.9714285714285714
1,1,1,1,0,0,1,0,0,0.95
1,1,1,1,0,0,1,0,1,0.95
1,1,1,1,0,0,1,1,0,0.95
1,1,1,1,0,0,1,1,1,0.9428571428571428
1,1,1,1,0,1,0,0,0,0.9428571428571428
1,1,1,1,0,1,0,0,1,0.9428571428571428
1,1,1,1,0,1,0,1,0,0.9642857142857143
1,1,1,1,0,1,0,1,1,0.9642857142857143
1,1,1,1,0,1,1,0,0,0.9571428571428572
1,1,1,1,0,1,1,0,1,0.9571428571428572
1,1,1,1,0,1,1,1,0,0.9642857142857143
1,1,1,1,0,1,1,1,1,0.9714285714285714
1,1,1,1,1,0,0,0,0,0.9642857142857143
1,1,1,1,1,0,0,0,1,0.9714285714285714
1,1,1,1,1,0,0,1,0,0.9714285714285714
1,1,1,1,1,0,0,1,1,0.9714285714285714
1,1,1,1,1,0,1,0,0,0.95
1,1,1,1,1,0,1,0,1,0.9428571428571428
1,1,1,1,1,0,1,1,0,0.9285714285714286
1,1,1,1,1,0,1,1,1,0.9357142857142857
1,1,1,1,1,1,0,0,0,0.9357142857142857
1,1,1,1,1,1,0,0,1,0.9571428571428572
1,1,1,1,1,1,0,1,0,0.95
1,1,1,1,1,1,0,1,1,0.95
1,1,1,1,1,1,1,0,0,0.95
1,1,1,1,1,1,1,0,1,0.95
1,1,1,1,1,1,1,1,0,0.95
1,1,1,1,1,1,1,1,1,0.95
